GAME_ID,EVENTNUM,EVENTMSGTYPE,EVENTMSGACTIONTYPE,PERIOD,WCTIMESTRING,PCTIMESTRING,HOMEDESCRIPTION,NEUTRALDESCRIPTION,VISITORDESCRIPTION,SCORE,SCOREMARGIN,PERSON1TYPE,PLAYER1_ID,PLAYER1_NAME,PLAYER1_TEAM_ID,PLAYER1_TEAM_CITY,PLAYER1_TEAM_NICKNAME,PLAYER1_TEAM_ABBREVIATION,PERSON2TYPE,PLAYER2_ID,PLAYER2_NAME,PLAYER2_TEAM_ID,PLAYER2_TEAM_CITY,PLAYER2_TEAM_NICKNAME,PLAYER2_TEAM_ABBREVIATION,PERSON3TYPE,PLAYER3_ID,PLAYER3_NAME,PLAYER3_TEAM_ID,PLAYER3_TEAM_CITY,PLAYER3_TEAM_NICKNAME,PLAYER3_TEAM_ABBREVIATION,VIDEO_AVAILABLE_FLAG
0021800808,2,12,0,1,9:11 PM,12:00,,Start of 1st Period (9:11 PM EST),,,,0,0,,,,,,0,0,,,,,,0,0,,,,,,0
0021800808,4,10,0,1,9:11 PM,12:00,Jump Ball Gobert vs. Ayton: Tip to Favors,,,,,4,203497,Rudy Gobert,1610612762.0,Utah,Jazz,UTA,5,1629028,Deandre Ayton,1610612756.0,Phoenix,Suns,PHX,4,202324,Derrick Favors,1610612762.0,Utah,Jazz,UTA,1
0021800808,7,1,6,1,9:11 PM,11:43,Mitchell 3' Driving Layup (2 PTS),,,0 - 2,2,4,1628378,Donovan Mitchell,1610612762.0,Utah,Jazz,UTA,0,0,,,,,,0,0,,,,,,1
0021800808,9,1,44,1,9:11 PM,11:31,,,Ayton 2' Reverse Layup (2 PTS) (Bridges 1 AST),2 - 2,TIE,5,1629028,Deandre Ayton,1610612756.0,Phoenix,Suns,PHX,5,1628969,Mikal Bridges,1610612756.0,Phoenix,Suns,PHX,0,0,,,,,,1
0021800808,11,2,1,1,9:11 PM,11:13,MISS Favors 24' 3PT Jump Shot,,,,,4,202324,Derrick Favors,1610612762.0,Utah,Jazz,UTA,0,0,,,,,,0,0,,,,,,1
0021800808,12,4,0,1,9:11 PM,11:12,,,Suns Rebound,,,3,1610612756,,,,,,0,0,,,,,,0,0,,,,,,0
0021800808,14,5,1,1,9:12 PM,10:54,Rubio STEAL (1 STL),,Ayton Bad Pass Turnover (P1.T1),,,5,1629028,Deandre Ayton,1610612756.0,Phoenix,Suns,PHX,4,201937,Ricky Rubio,1610612762.0,Utah,Jazz,UTA,0,0,,,,,,1
0021800808,16,6,1,1,9:12 PM,10:39,,,Okobo P.FOUL (P1.T1) (T.Ford),,,5,1629059,Elie Okobo,1610612756.0,Phoenix,Suns,PHX,4,203497,Rudy Gobert,1610612762.0,Utah,Jazz,UTA,1,0,,,,,,1
0021800808,18,5,1,1,9:13 PM,10:29,Ingles Bad Pass Turnover (P1.T1),,Bridges STEAL (1 STL),,,4,204060,Joe Ingles,1610612762.0,Utah,Jazz,UTA,5,1628969,Mikal Bridges,1610612756.0,Phoenix,Suns,PHX,0,0,,,,,,1
0021800808,20,5,2,1,9:13 PM,10:22,Mitchell STEAL (1 STL),,Okobo Lost Ball Turnover (P1.T2),,,5,1629059,Elie Okobo,1610612756.0,Phoenix,Suns,PHX,4,1628378,Donovan Mitchell,1610612762.0,Utah,Jazz,UTA,0,0,,,,,,1
0021800808,22,2,63,1,9:13 PM,10:11,MISS Rubio 14' Fadeaway Jumper,,,,,4,201937,Ricky Rubio,1610612762.0,Utah,Jazz,UTA,0,0,,,,,,0,0,,,,,,1
0021800808,23,4,0,1,9:13 PM,10:08,,,Bender REBOUND (Off:0 Def:1),,,5,1627733,Dragan Bender,1610612756.0,Phoenix,Suns,PHX,0,0,,,,,,0,0,,,,,,1
0021800808,24,5,1,1,9:13 PM,10:02,Rubio STEAL (2 STL),,Jackson Bad Pass Turnover (P1.T3),,,5,1628367,Josh Jackson,1610612756.0,Phoenix,Suns,PHX,4,201937,Ricky Rubio,1610612762.0,Utah,Jazz,UTA,0,0,,,,,,1
0021800808,26,1,6,1,9:13 PM,9:56,Ingles 4' Driving Layup (2 PTS),,,2 - 4,2,4,204060,Joe Ingles,1610612762.0,Utah,Jazz,UTA,0,0,,,,,,0,0,,,,,,1
0021800808,27,6,2,1,9:13 PM,9:56,,,Okobo S.FOUL (P2.T2) (E.Malloy),,,5,1629059,Elie Okobo,1610612756.0,Phoenix,Suns,PHX,4,204060,Joe Ingles,1610612762.0,Utah,Jazz,UTA,1,0,,,,,,1
0021800808,29,3,10,1,9:14 PM,9:56,Ingles Free Throw 1 of 1 (3 PTS),,,2 - 5,3,4,204060,Joe Ingles,1610612762.0,Utah,Jazz,UTA,0,0,,,,,,0,0,,,,,,0
0021800808,30,5,1,1,9:14 PM,9:35,Favors STEAL (1 STL),,Jackson Bad Pass Turnover (P2.T4),,,5,1628367,Josh Jackson,1610612756.0,Phoenix,Suns,PHX,4,202324,Derrick Favors,1610612762.0,Utah,Jazz,UTA,0,0,,,,,,1
0021800808,32,2,6,1,9:14 PM,9:25,MISS Rubio 3' Driving Layup,,,,,4,201937,Ricky Rubio,1610612762.0,Utah,Jazz,UTA,0,0,,,,,,0,0,,,,,,1
0021800808,33,4,0,1,9:14 PM,9:24,,,Jackson REBOUND (Off:0 Def:1),,,5,1628367,Josh Jackson,1610612756.0,Phoenix,Suns,PHX,0,0,,,,,,0,0,,,,,,1
0021800808,34,6,2,1,9:14 PM,9:20,Mitchell S.FOUL (P1.T1) (E.Malloy),,,,,4,1628378,Donovan Mitchell,1610612762.0,Utah,Jazz,UTA,5,1628367,Josh Jackson,1610612756.0,Phoenix,Suns,PHX,1,0,,,,,,1
0021800808,36,3,11,1,9:15 PM,9:20,,,Jackson Free Throw 1 of 2 (1 PTS),3 - 5,2,5,1628367,Josh Jackson,1610612756.0,Phoenix,Suns,PHX,0,0,,,,,,0,0,,,,,,0
0021800808,37,3,12,1,9:15 PM,9:20,,,MISS Jackson Free Throw 2 of 2,,,5,1628367,Josh Jackson,1610612756.0,Phoenix,Suns,PHX,0,0,,,,,,0,0,,,,,,0
0021800808,38,4,0,1,9:15 PM,9:19,Gobert REBOUND (Off:0 Def:1),,,,,4,203497,Rudy Gobert,1610612762.0,Utah,Jazz,UTA,0,0,,,,,,0,0,,,,,,1
0021800808,39,6,1,1,9:15 PM,9:10,,,Bender P.FOUL (P1.T3) (R.Acosta),,,5,1627733,Dragan Bender,1610612756.0,Phoenix,Suns,PHX,4,203497,Rudy Gobert,1610612762.0,Utah,Jazz,UTA,1,0,,,,,,1
0021800808,43,5,11,1,9:16 PM,8:55,JAZZ Turnover: Shot Clock (T#2),,,,,2,1610612762,,,,,,0,0,,,,,,1,0,,,,,,0
0021800808,44,2,79,1,9:17 PM,8:41,,,MISS Okobo 16' Pullup Jump Shot,,,5,1629059,Elie Okobo,1610612756.0,Phoenix,Suns,PHX,0,0,,,,,,0,0,,,,,,1
0021800808,45,4,0,1,9:17 PM,8:39,Ingles REBOUND (Off:0 Def:1),,,,,4,204060,Joe Ingles,1610612762.0,Utah,Jazz,UTA,0,0,,,,,,0,0,,,,,,1
0021800808,46,1,7,1,9:17 PM,8:34,Favors 2' Dunk (2 PTS) (Rubio 1 AST),,,3 - 7,4,4,202324,Derrick Favors,1610612762.0,Utah,Jazz,UTA,4,201937,Ricky Rubio,1610612762.0,Utah,Jazz,UTA,0,0,,,,,,1
0021800808,48,2,80,1,9:17 PM,8:18,,,MISS Jackson 25' 3PT Step Back Jump Shot,,,5,1628367,Josh Jackson,1610612756.0,Phoenix,Suns,PHX,0,0,,,,,,0,0,,,,,,1
0021800808,49,4,0,1,9:17 PM,8:15,Gobert REBOUND (Off:0 Def:2),,,,,4,203497,Rudy Gobert,1610612762.0,Utah,Jazz,UTA,0,0,,,,,,0,0,,,,,,1
0021800808,50,1,79,1,9:17 PM,8:07,Rubio 10' Pullup Jump Shot (2 PTS),,,3 - 9,6,4,201937,Ricky Rubio,1610612762.0,Utah,Jazz,UTA,0,0,,,,,,0,0,,,,,,1
0021800808,51,9,1,1,9:17 PM,8:06,,,Suns Timeout: Regular (Reg.1 Short 0),,,3,1610612756,,,,,,0,0,,,,,,0,0,,,,,,0
0021800808,52,1,9,1,9:20 PM,7:56,,,Jackson 3' Driving Dunk (3 PTS),5 - 9,4,5,1628367,Josh Jackson,1610612756.0,Phoenix,Suns,PHX,0,0,,,,,,0,0,,,,,,1
0021800808,53,2,75,1,9:21 PM,7:35,MISS Mitchell 4' Driving Finger Roll Layup,,,,,4,1628378,Donovan Mitchell,1610612762.0,Utah,Jazz,UTA,0,0,,,,,,0,0,,,,,,1
0021800808,54,4,0,1,9:21 PM,7:34,,,Ayton REBOUND (Off:0 Def:1),,,5,1629028,Deandre Ayton,1610612756.0,Phoenix,Suns,PHX,0,0,,,,,,0,0,,,,,,1
0021800808,55,1,1,1,9:21 PM,7:21,,,Ayton 17' Jump Shot (4 PTS) (Okobo 1 AST),7 - 9,2,5,1629028,Deandre Ayton,1610612756.0,Phoenix,Suns,PHX,5,1629059,Elie Okobo,1610612756.0,Phoenix,Suns,PHX,0,0,,,,,,1
0021800808,57,5,1,1,9:21 PM,6:59,Ingles Bad Pass Turnover (P2.T3),,Jackson STEAL (1 STL),,,4,204060,Joe Ingles,1610612762.0,Utah,Jazz,UTA,5,1628367,Josh Jackson,1610612756.0,Phoenix,Suns,PHX,0,0,,,,,,1
0021800808,59,2,5,1,9:21 PM,6:55,Favors BLOCK (1 BLK),,MISS Bender 3' Layup,,,5,1627733,Dragan Bender,1610612756.0,Phoenix,Suns,PHX,0,0,,,,,,4,202324,Derrick Favors,1610612762.0,Utah,Jazz,UTA,1
0021800808,61,4,0,1,9:21 PM,6:52,Rubio REBOUND (Off:0 Def:1),,,,,4,201937,Ricky Rubio,1610612762.0,Utah,Jazz,UTA,0,0,,,,,,0,0,,,,,,1
0021800808,62,2,80,1,9:22 PM,6:45,MISS Mitchell 25' 3PT Step Back Jump Shot,,,,,4,1628378,Donovan Mitchell,1610612762.0,Utah,Jazz,UTA,0,0,,,,,,0,0,,,,,,1
0021800808,63,4,0,1,9:22 PM,6:42,,,Jackson REBOUND (Off:0 Def:2),,,5,1628367,Josh Jackson,1610612756.0,Phoenix,Suns,PHX,0,0,,,,,,0,0,,,,,,1
0021800808,64,2,5,1,9:22 PM,6:32,,,MISS Bridges 2' Layup,,,5,1628969,Mikal Bridges,1610612756.0,Phoenix,Suns,PHX,0,0,,,,,,0,0,,,,,,1
0021800808,65,4,0,1,9:22 PM,6:28,,,Ayton REBOUND (Off:1 Def:1),,,5,1629028,Deandre Ayton,1610612756.0,Phoenix,Suns,PHX,0,0,,,,,,0,0,,,,,,1
0021800808,66,1,97,1,9:22 PM,6:28,,,Ayton 1' Tip Layup Shot (6 PTS),9 - 9,TIE,5,1629028,Deandre Ayton,1610612756.0,Phoenix,Suns,PHX,0,0,,,,,,0,0,,,,,,1
0021800808,67,2,75,1,9:22 PM,6:13,MISS Mitchell 3' Driving Finger Roll Layup,,,,,4,1628378,Donovan Mitchell,1610612762.0,Utah,Jazz,UTA,0,0,,,,,,0,0,,,,,,1
0021800808,68,4,0,1,9:22 PM,6:10,Gobert REBOUND (Off:1 Def:2),,,,,4,203497,Rudy Gobert,1610612762.0,Utah,Jazz,UTA,0,0,,,,,,0,0,,,,,,1
0021800808,69,2,97,1,9:22 PM,6:10,MISS Gobert 1' Tip Layup Shot,,,,,4,203497,Rudy Gobert,1610612762.0,Utah,Jazz,UTA,0,0,,,,,,0,0,,,,,,1
0021800808,70,4,0,1,9:22 PM,6:09,Rubio REBOUND (Off:1 Def:1),,,,,4,201937,Ricky Rubio,1610612762.0,Utah,Jazz,UTA,0,0,,,,,,0,0,,,,,,1
0021800808,71,5,1,1,9:22 PM,6:01,Rubio Bad Pass Turnover (P1.T4),,Jackson STEAL (2 STL),,,4,201937,Ricky Rubio,1610612762.0,Utah,Jazz,UTA,5,1628367,Josh Jackson,1610612756.0,Phoenix,Suns,PHX,0,0,,,,,,1
0021800808,73,1,7,1,9:22 PM,5:55,,,Ayton 2' Dunk (8 PTS) (Jackson 1 AST),11 - 9,-2,5,1629028,Deandre Ayton,1610612756.0,Phoenix,Suns,PHX,5,1628367,Josh Jackson,1610612756.0,Phoenix,Suns,PHX,0,0,,,,,,1
0021800808,75,9,1,1,9:22 PM,5:55,JAZZ Timeout: Regular (Full 1 Short 0),,,,,2,1610612762,,,,,,0,0,,,,,,0,0,,,,,,0
0021800808,76,8,0,1,9:25 PM,5:55,SUB: Korver FOR Ingles,,,,,4,204060,Joe Ingles,1610612762.0,Utah,Jazz,UTA,4,2594,Kyle Korver,1610612762.0,Utah,Jazz,UTA,0,0,,,,,,0
0021800808,77,8,0,1,9:25 PM,5:55,SUB: Crowder FOR Favors,,,,,4,202324,Derrick Favors,1610612762.0,Utah,Jazz,UTA,4,203109,Jae Crowder,1610612762.0,Utah,Jazz,UTA,0,0,,,,,,0
0021800808,78,8,0,1,9:25 PM,5:55,,,SUB: Oubre Jr. FOR Okobo,,,5,1629059,Elie Okobo,1610612756.0,Phoenix,Suns,PHX,5,1626162,Kelly Oubre Jr.,1610612756.0,Phoenix,Suns,PHX,0,0,,,,,,0
0021800808,79,8,0,1,9:25 PM,5:55,,,SUB: Evans FOR Bender,,,5,1627733,Dragan Bender,1610612756.0,Phoenix,Suns,PHX,5,1628393,Jawun Evans,1610612756.0,Phoenix,Suns,PHX,0,0,,,,,,0
0021800808,84,1,1,1,9:25 PM,5:39,Korver 25' 3PT Jump Shot (3 PTS) (Rubio 2 AST),,,11 - 12,1,4,2594,Kyle Korver,1610612762.0,Utah,Jazz,UTA,4,201937,Ricky Rubio,1610612762.0,Utah,Jazz,UTA,0,0,,,,,,1
0021800808,86,2,86,1,9:26 PM,5:18,,,MISS Ayton 10' Turnaround Fadeaway Shot,,,5,1629028,Deandre Ayton,1610612756.0,Phoenix,Suns,PHX,0,0,,,,,,0,0,,,,,,1
0021800808,87,4,0,1,9:26 PM,5:15,Crowder REBOUND (Off:0 Def:1),,,,,4,203109,Jae Crowder,1610612762.0,Utah,Jazz,UTA,0,0,,,,,,0,0,,,,,,1
0021800808,88,1,1,1,9:26 PM,5:09,Crowder 26' 3PT Jump Shot (3 PTS) (Mitchell 1 AST),,,11 - 15,4,4,203109,Jae Crowder,1610612762.0,Utah,Jazz,UTA,4,1628378,Donovan Mitchell,1610612762.0,Utah,Jazz,UTA,0,0,,,,,,1
0021800808,90,2,1,1,9:26 PM,4:47,,,MISS Jackson 3PT Jump Shot,,,5,1628367,Josh Jackson,1610612756.0,Phoenix,Suns,PHX,0,0,,,,,,0,0,,,,,,1
0021800808,91,4,0,1,9:26 PM,4:44,Crowder REBOUND (Off:0 Def:2),,,,,4,203109,Jae Crowder,1610612762.0,Utah,Jazz,UTA,0,0,,,,,,0,0,,,,,,1
0021800808,92,1,101,1,9:27 PM,4:37,Mitchell 11' Driving Floating Jump Shot (4 PTS),,,11 - 17,6,4,1628378,Donovan Mitchell,1610612762.0,Utah,Jazz,UTA,0,0,,,,,,0,0,,,,,,1
0021800808,93,6,1,1,9:27 PM,4:25,Mitchell P.FOUL (P2.T2) (T.Ford),,,,,4,1628378,Donovan Mitchell,1610612762.0,Utah,Jazz,UTA,5,1626162,Kelly Oubre Jr.,1610612756.0,Phoenix,Suns,PHX,1,0,,,,,,1
0021800808,96,8,0,1,9:27 PM,4:25,,,SUB: Holmes FOR Jackson,,,5,1628367,Josh Jackson,1610612756.0,Phoenix,Suns,PHX,5,1626158,Richaun Holmes,1610612756.0,Phoenix,Suns,PHX,0,0,,,,,,0
0021800808,97,8,0,1,9:27 PM,4:25,,,SUB: Crawford FOR Ayton,,,5,1629028,Deandre Ayton,1610612756.0,Phoenix,Suns,PHX,5,2037,Jamal Crawford,1610612756.0,Phoenix,Suns,PHX,0,0,,,,,,0
0021800808,101,8,0,1,9:27 PM,4:25,SUB: O'Neale FOR Mitchell,,,,,4,1628378,Donovan Mitchell,1610612762.0,Utah,Jazz,UTA,4,1626220,Royce O'Neale,1610612762.0,Utah,Jazz,UTA,0,0,,,,,,0
0021800808,102,1,6,1,9:27 PM,4:14,,,Oubre Jr. 4' Driving Layup (2 PTS),13 - 17,4,5,1626162,Kelly Oubre Jr.,1610612756.0,Phoenix,Suns,PHX,0,0,,,,,,0,0,,,,,,1
0021800808,103,1,5,1,9:28 PM,4:04,Gobert 3' Layup (2 PTS) (Rubio 3 AST),,,13 - 19,6,4,203497,Rudy Gobert,1610612762.0,Utah,Jazz,UTA,4,201937,Ricky Rubio,1610612762.0,Utah,Jazz,UTA,0,0,,,,,,1
0021800808,105,6,2,1,9:28 PM,4:04,,,Holmes S.FOUL (P1.T4) (T.Ford),,,5,1626158,Richaun Holmes,1610612756.0,Phoenix,Suns,PHX,4,203497,Rudy Gobert,1610612762.0,Utah,Jazz,UTA,1,0,,,,,,1
0021800808,107,3,10,1,9:28 PM,4:04,Gobert Free Throw 1 of 1 (3 PTS),,,13 - 20,7,4,203497,Rudy Gobert,1610612762.0,Utah,Jazz,UTA,0,0,,,,,,0,0,,,,,,0
0021800808,108,1,6,1,9:28 PM,3:54,,,Bridges 3' Driving Layup (2 PTS),15 - 20,5,5,1628969,Mikal Bridges,1610612756.0,Phoenix,Suns,PHX,0,0,,,,,,0,0,,,,,,1
0021800808,109,6,2,1,9:28 PM,3:44,,,Evans S.FOUL (P1.PN) (E.Malloy),,,5,1628393,Jawun Evans,1610612756.0,Phoenix,Suns,PHX,4,201937,Ricky Rubio,1610612762.0,Utah,Jazz,UTA,1,0,,,,,,1
0021800808,111,3,11,1,9:29 PM,3:44,Rubio Free Throw 1 of 2 (3 PTS),,,15 - 21,6,4,201937,Ricky Rubio,1610612762.0,Utah,Jazz,UTA,0,0,,,,,,0,0,,,,,,0
0021800808,112,3,12,1,9:29 PM,3:44,MISS Rubio Free Throw 2 of 2,,,,,4,201937,Ricky Rubio,1610612762.0,Utah,Jazz,UTA,0,0,,,,,,0,0,,,,,,0
0021800808,113,4,0,1,9:29 PM,3:43,JAZZ Rebound,,,,,2,1610612762,,,,,,0,0,,,,,,0,0,,,,,,0
0021800808,115,2,1,1,9:29 PM,3:42,MISS Korver 3PT Jump Shot,,,,,4,2594,Kyle Korver,1610612762.0,Utah,Jazz,UTA,0,0,,,,,,0,0,,,,,,1
0021800808,116,4,0,1,9:29 PM,3:39,,,Holmes REBOUND (Off:0 Def:1),,,5,1626158,Richaun Holmes,1610612756.0,Phoenix,Suns,PHX,0,0,,,,,,0,0,,,,,,1
0021800808,117,1,6,1,9:30 PM,3:31,,,Oubre Jr. 2' Driving Layup (4 PTS),17 - 21,4,5,1626162,Kelly Oubre Jr.,1610612756.0,Phoenix,Suns,PHX,0,0,,,,,,0,0,,,,,,1
0021800808,118,1,1,1,9:30 PM,3:14,Crowder 3PT Jump Shot (6 PTS) (O'Neale 1 AST),,,17 - 24,7,4,203109,Jae Crowder,1610612762.0,Utah,Jazz,UTA,4,1626220,Royce O'Neale,1610612762.0,Utah,Jazz,UTA,0,0,,,,,,1
0021800808,120,2,1,1,9:30 PM,2:52,,,MISS Oubre Jr. 25' 3PT Jump Shot,,,5,1626162,Kelly Oubre Jr.,1610612756.0,Phoenix,Suns,PHX,0,0,,,,,,0,0,,,,,,1
0021800808,121,4,0,1,9:30 PM,2:51,Rubio REBOUND (Off:1 Def:2),,,,,4,201937,Ricky Rubio,1610612762.0,Utah,Jazz,UTA,0,0,,,,,,0,0,,,,,,1
0021800808,122,2,1,1,9:30 PM,2:48,MISS Crowder 25' 3PT Jump Shot,,,,,4,203109,Jae Crowder,1610612762.0,Utah,Jazz,UTA,0,0,,,,,,0,0,,,,,,1
0021800808,123,4,0,1,9:30 PM,2:45,,,Evans REBOUND (Off:0 Def:1),,,5,1628393,Jawun Evans,1610612756.0,Phoenix,Suns,PHX,0,0,,,,,,0,0,,,,,,1
0021800808,124,1,101,1,9:31 PM,2:35,,,Bridges 7' Driving Floating Jump Shot (4 PTS) (Crawford 1 AST),19 - 24,5,5,1628969,Mikal Bridges,1610612756.0,Phoenix,Suns,PHX,5,2037,Jamal Crawford,1610612756.0,Phoenix,Suns,PHX,0,0,,,,,,1
0021800808,127,2,80,1,9:31 PM,2:20,MISS Rubio 26' 3PT Step Back Jump Shot,,,,,4,201937,Ricky Rubio,1610612762.0,Utah,Jazz,UTA,0,0,,,,,,0,0,,,,,,1
0021800808,128,4,0,1,9:31 PM,2:18,,,Holmes REBOUND (Off:0 Def:2),,,5,1626158,Richaun Holmes,1610612756.0,Phoenix,Suns,PHX,0,0,,,,,,0,0,,,,,,1
0021800808,129,1,6,1,9:31 PM,2:13,,,Evans 4' Driving Layup (2 PTS) (Crawford 2 AST),21 - 24,3,5,1628393,Jawun Evans,1610612756.0,Phoenix,Suns,PHX,5,2037,Jamal Crawford,1610612756.0,Phoenix,Suns,PHX,0,0,,,,,,1
0021800808,131,6,2,1,9:31 PM,1:52,,,Bridges S.FOUL (P1.PN) (R.Acosta),,,5,1628969,Mikal Bridges,1610612756.0,Phoenix,Suns,PHX,4,203109,Jae Crowder,1610612762.0,Utah,Jazz,UTA,1,0,,,,,,1
0021800808,133,3,13,1,9:32 PM,1:52,Crowder Free Throw 1 of 3 (7 PTS),,,21 - 25,4,4,203109,Jae Crowder,1610612762.0,Utah,Jazz,UTA,0,0,,,,,,0,0,,,,,,0
0021800808,134,3,14,1,9:32 PM,1:52,MISS Crowder Free Throw 2 of 3,,,,,4,203109,Jae Crowder,1610612762.0,Utah,Jazz,UTA,0,0,,,,,,0,0,,,,,,0
0021800808,135,4,1,1,9:32 PM,1:52,JAZZ Rebound,,,,,2,1610612762,,,,,,0,0,,,,,,0,0,,,,,,0
0021800808,136,8,0,1,9:32 PM,1:52,SUB: Neto FOR Rubio,,,,,4,201937,Ricky Rubio,1610612762.0,Utah,Jazz,UTA,4,203526,Raul Neto,1610612762.0,Utah,Jazz,UTA,0,0,,,,,,0
0021800808,137,8,0,1,9:32 PM,1:52,SUB: Favors FOR Gobert,,,,,4,203497,Rudy Gobert,1610612762.0,Utah,Jazz,UTA,4,202324,Derrick Favors,1610612762.0,Utah,Jazz,UTA,0,0,,,,,,0
0021800808,138,8,0,1,9:32 PM,1:52,SUB: Ingles FOR Korver,,,,,4,2594,Kyle Korver,1610612762.0,Utah,Jazz,UTA,4,204060,Joe Ingles,1610612762.0,Utah,Jazz,UTA,0,0,,,,,,0
0021800808,142,3,15,1,9:32 PM,1:52,Crowder Free Throw 3 of 3 (8 PTS),,,21 - 26,5,4,203109,Jae Crowder,1610612762.0,Utah,Jazz,UTA,0,0,,,,,,0,0,,,,,,0
0021800808,143,2,102,1,9:33 PM,1:40,Favors BLOCK (2 BLK),,MISS Evans 7' Driving Floating Bank Jump Shot,,,5,1628393,Jawun Evans,1610612756.0,Phoenix,Suns,PHX,0,0,,,,,,4,202324,Derrick Favors,1610612762.0,Utah,Jazz,UTA,1
0021800808,144,4,0,1,9:33 PM,1:40,,,Holmes REBOUND (Off:1 Def:2),,,5,1626158,Richaun Holmes,1610612756.0,Phoenix,Suns,PHX,0,0,,,,,,0,0,,,,,,1
0021800808,145,6,2,1,9:33 PM,1:40,Favors S.FOUL (P1.T3) (T.Ford),,,,,4,202324,Derrick Favors,1610612762.0,Utah,Jazz,UTA,5,1626158,Richaun Holmes,1610612756.0,Phoenix,Suns,PHX,1,0,,,,,,1
0021800808,147,3,11,1,9:33 PM,1:40,,,MISS Holmes Free Throw 1 of 2,,,5,1626158,Richaun Holmes,1610612756.0,Phoenix,Suns,PHX,0,0,,,,,,0,0,,,,,,0
0021800808,148,4,1,1,9:33 PM,1:40,,,Suns Rebound,,,3,1610612756,,,,,,0,0,,,,,,0,0,,,,,,0
0021800808,149,3,12,1,9:33 PM,1:40,,,Holmes Free Throw 2 of 2 (1 PTS),22 - 26,4,5,1626158,Richaun Holmes,1610612756.0,Phoenix,Suns,PHX,0,0,,,,,,0,0,,,,,,0
0021800808,150,1,101,1,9:34 PM,1:26,Ingles 10' Driving Floating Jump Shot (5 PTS) (Neto 1 AST),,,22 - 28,6,4,204060,Joe Ingles,1610612762.0,Utah,Jazz,UTA,4,203526,Raul Neto,1610612762.0,Utah,Jazz,UTA,0,0,,,,,,1
0021800808,152,2,79,1,9:34 PM,1:09,,,MISS Crawford 25' 3PT Pullup Jump Shot,,,5,2037,Jamal Crawford,1610612756.0,Phoenix,Suns,PHX,0,0,,,,,,0,0,,,,,,1
0021800808,153,4,0,1,9:34 PM,1:06,Favors REBOUND (Off:0 Def:1),,,,,4,202324,Derrick Favors,1610612762.0,Utah,Jazz,UTA,0,0,,,,,,0,0,,,,,,1
0021800808,154,2,7,1,9:34 PM,0:53,MISS Favors 3' Dunk,,Oubre Jr. BLOCK (1 BLK),,,4,202324,Derrick Favors,1610612762.0,Utah,Jazz,UTA,0,0,,,,,,5,1626162,Kelly Oubre Jr.,1610612756.0,Phoenix,Suns,PHX,1
0021800808,156,4,0,1,9:34 PM,0:52,Crowder REBOUND (Off:1 Def:2),,,,,4,203109,Jae Crowder,1610612762.0,Utah,Jazz,UTA,0,0,,,,,,0,0,,,,,,1
0021800808,157,1,72,1,9:34 PM,0:52,Crowder 3' Putback Layup (10 PTS),,,22 - 30,8,4,203109,Jae Crowder,1610612762.0,Utah,Jazz,UTA,0,0,,,,,,0,0,,,,,,1
0021800808,158,6,2,1,9:34 PM,0:52,,,Holmes S.FOUL (P2.PN) (T.Ford),,,5,1626158,Richaun Holmes,1610612756.0,Phoenix,Suns,PHX,4,203109,Jae Crowder,1610612762.0,Utah,Jazz,UTA,1,0,,,,,,1
0021800808,160,8,0,1,9:35 PM,0:52,,,SUB: Daniels FOR Evans,,,5,1628393,Jawun Evans,1610612756.0,Phoenix,Suns,PHX,5,203584,Troy Daniels,1610612756.0,Phoenix,Suns,PHX,0,0,,,,,,0
0021800808,162,3,10,1,9:35 PM,0:52,MISS Crowder Free Throw 1 of 1,,,,,4,203109,Jae Crowder,1610612762.0,Utah,Jazz,UTA,0,0,,,,,,0,0,,,,,,0
0021800808,163,4,0,1,9:35 PM,0:50,,,Oubre Jr. REBOUND (Off:0 Def:1),,,5,1626162,Kelly Oubre Jr.,1610612756.0,Phoenix,Suns,PHX,0,0,,,,,,0,0,,,,,,1
0021800808,164,1,108,1,9:35 PM,0:35,,,Holmes 2' Cutting Dunk Shot (3 PTS) (Crawford 3 AST),24 - 30,6,5,1626158,Richaun Holmes,1610612756.0,Phoenix,Suns,PHX,5,2037,Jamal Crawford,1610612756.0,Phoenix,Suns,PHX,0,0,,,,,,1
0021800808,166,2,1,1,9:35 PM,0:18,MISS Favors 14' Jump Shot,,,,,4,202324,Derrick Favors,1610612762.0,Utah,Jazz,UTA,0,0,,,,,,0,0,,,,,,1
0021800808,167,4,0,1,9:35 PM,0:15,,,Crawford REBOUND (Off:0 Def:1),,,5,2037,Jamal Crawford,1610612756.0,Phoenix,Suns,PHX,0,0,,,,,,0,0,,,,,,1
0021800808,168,2,1,1,9:36 PM,0:00,,,MISS Crawford 25' 3PT Jump Shot,,,5,2037,Jamal Crawford,1610612756.0,Phoenix,Suns,PHX,0,0,,,,,,0,0,,,,,,1
0021800808,169,4,0,1,9:36 PM,0:00,,,Suns Rebound,,,3,1610612756,,,,,,0,0,,,,,,0,0,,,,,,0
0021800808,170,13,0,1,9:36 PM,0:00,,End of 1st Period (9:36 PM EST),,24 - 30,6,0,0,,,,,,0,0,,,,,,0,0,,,,,,1
0021800808,176,12,0,2,9:39 PM,12:00,,Start of 2nd Period (9:39 PM EST),,24 - 30,6,0,0,,,,,,0,0,,,,,,0,0,,,,,,0
0021800808,177,2,1,2,9:39 PM,11:45,,,MISS Daniels 28' 3PT Jump Shot,,,5,203584,Troy Daniels,1610612756.0,Phoenix,Suns,PHX,0,0,,,,,,0,0,,,,,,1
0021800808,178,4,0,2,9:39 PM,11:43,Favors REBOUND (Off:0 Def:2),,,,,4,202324,Derrick Favors,1610612762.0,Utah,Jazz,UTA,0,0,,,,,,0,0,,,,,,1
0021800808,179,6,1,2,9:39 PM,11:32,,,Daniels P.FOUL (P1.T1) (R.Acosta),,,5,203584,Troy Daniels,1610612756.0,Phoenix,Suns,PHX,4,203109,Jae Crowder,1610612762.0,Utah,Jazz,UTA,1,0,,,,,,1
0021800808,181,1,78,2,9:39 PM,11:26,Favors 11' Floating Jump Shot (4 PTS) (Ingles 1 AST),,,24 - 32,8,4,202324,Derrick Favors,1610612762.0,Utah,Jazz,UTA,4,204060,Joe Ingles,1610612762.0,Utah,Jazz,UTA,0,0,,,,,,1
0021800808,183,2,80,2,9:40 PM,11:11,,,MISS Oubre Jr. 24' 3PT Step Back Jump Shot,,,5,1626162,Kelly Oubre Jr.,1610612756.0,Phoenix,Suns,PHX,0,0,,,,,,0,0,,,,,,1
0021800808,184,4,0,2,9:40 PM,11:08,JAZZ Rebound,,,,,2,1610612762,,,,,,0,0,,,,,,0,0,,,,,,0
0021800808,186,1,1,2,9:40 PM,10:55,Neto 3PT Jump Shot (3 PTS) (Ingles 2 AST),,,24 - 35,11,4,203526,Raul Neto,1610612762.0,Utah,Jazz,UTA,4,204060,Joe Ingles,1610612762.0,Utah,Jazz,UTA,0,0,,,,,,1
0021800808,186,1,1,2,9:40 PM,10:55,Neto 3PT Jump Shot (3 PTS) (Ingles 2 AST),,,24 - 35,11,4,203526,Raul Neto,1610612762.0,Utah,Jazz,UTA,4,204060,Joe Ingles,1610612762.0,Utah,Jazz,UTA,0,0,,,,,,1
0021800808,188,6,4,2,9:40 PM,10:37,,,Ayton OFF.Foul (P1) (R.Acosta),,,5,1629028,Deandre Ayton,1610612756.0,Phoenix,Suns,PHX,4,202324,Derrick Favors,1610612762.0,Utah,Jazz,UTA,1,0,,,,,,1
0021800808,190,5,37,2,9:40 PM,10:37,,,Ayton Offensive Foul Turnover (P2.T5),,,5,1629028,Deandre Ayton,1610612756.0,Phoenix,Suns,PHX,0,0,,,,,,1,0,,,,,,1
0021800808,191,2,101,2,9:41 PM,10:20,MISS Neto 8' Driving Floating Jump Shot,,,,,4,203526,Raul Neto,1610612762.0,Utah,Jazz,UTA,0,0,,,,,,0,0,,,,,,1
0021800808,192,4,0,2,9:41 PM,10:17,JAZZ Rebound,,,,,2,1610612762,,,,,,0,0,,,,,,0,0,,,,,,0
0021800808,194,1,78,2,9:41 PM,10:07,Favors 12' Floating Jump Shot (6 PTS) (Ingles 3 AST),,,24 - 37,13,4,202324,Derrick Favors,1610612762.0,Utah,Jazz,UTA,4,204060,Joe Ingles,1610612762.0,Utah,Jazz,UTA,0,0,,,,,,1
0021800808,196,9,1,2,9:41 PM,10:05,,,Suns Timeout: Regular (Reg.2 Short 0),,,3,1610612756,,,,,,0,0,,,,,,0,0,,,,,,0
0021800808,197,6,1,2,9:45 PM,9:55,Ingles P.FOUL (P1.T1) (R.Acosta),,,,,4,204060,Joe Ingles,1610612762.0,Utah,Jazz,UTA,5,2037,Jamal Crawford,1610612756.0,Phoenix,Suns,PHX,1,0,,,,,,1
0021800808,199,5,45,2,9:45 PM,9:50,,,Crawford Out of Bounds - Bad Pass Turnover Turnover (P1.T6),,,5,2037,Jamal Crawford,1610612756.0,Phoenix,Suns,PHX,0,0,,,,,,1,0,,,,,,1
0021800808,200,6,26,2,9:45 PM,9:38,Favors Offensive Charge Foul (P2.T2) (R.Acosta),,,,,4,202324,Derrick Favors,1610612762.0,Utah,Jazz,UTA,5,1628367,Josh Jackson,1610612756.0,Phoenix,Suns,PHX,1,0,,,,,,1
0021800808,202,5,37,2,9:45 PM,9:38,Favors Offensive Foul Turnover (P1.T5),,,,,4,202324,Derrick Favors,1610612762.0,Utah,Jazz,UTA,0,0,,,,,,1,0,,,,,,1
0021800808,203,5,1,2,9:46 PM,9:28,O'Neale STEAL (1 STL),,Daniels Bad Pass Turnover (P1.T7),,,5,203584,Troy Daniels,1610612756.0,Phoenix,Suns,PHX,4,1626220,Royce O'Neale,1610612762.0,Utah,Jazz,UTA,0,0,,,,,,1
0021800808,205,1,50,2,9:46 PM,9:25,O'Neale 3' Running Dunk (2 PTS),,,24 - 39,15,4,1626220,Royce O'Neale,1610612762.0,Utah,Jazz,UTA,0,0,,,,,,0,0,,,,,,1
0021800808,207,8,0,2,9:46 PM,9:14,SUB: Mitchell FOR O'Neale,,,,,4,1626220,Royce O'Neale,1610612762.0,Utah,Jazz,UTA,4,1628378,Donovan Mitchell,1610612762.0,Utah,Jazz,UTA,0,0,,,,,,0
0021800808,208,8,0,2,9:46 PM,9:14,SUB: Korver FOR Neto,,,,,4,203526,Raul Neto,1610612762.0,Utah,Jazz,UTA,4,2594,Kyle Korver,1610612762.0,Utah,Jazz,UTA,0,0,,,,,,0
0021800808,211,5,1,2,9:46 PM,9:03,Crowder STEAL (1 STL),,Crawford Bad Pass Turnover (P2.T8),,,5,2037,Jamal Crawford,1610612756.0,Phoenix,Suns,PHX,4,203109,Jae Crowder,1610612762.0,Utah,Jazz,UTA,0,0,,,,,,1
0021800808,213,2,78,2,9:47 PM,8:44,MISS Korver 7' Floating Jump Shot,,,,,4,2594,Kyle Korver,1610612762.0,Utah,Jazz,UTA,0,0,,,,,,0,0,,,,,,1
0021800808,214,4,0,2,9:47 PM,8:41,Crowder REBOUND (Off:2 Def:2),,,,,4,203109,Jae Crowder,1610612762.0,Utah,Jazz,UTA,0,0,,,,,,0,0,,,,,,1
0021800808,215,2,1,2,9:47 PM,8:38,MISS Ingles 25' 3PT Jump Shot,,,,,4,204060,Joe Ingles,1610612762.0,Utah,Jazz,UTA,0,0,,,,,,0,0,,,,,,1
0021800808,216,4,0,2,9:47 PM,8:35,,,Ayton REBOUND (Off:1 Def:2),,,5,1629028,Deandre Ayton,1610612756.0,Phoenix,Suns,PHX,0,0,,,,,,0,0,,,,,,1
0021800808,217,5,2,2,9:47 PM,8:27,Ingles STEAL (1 STL),,Crawford Lost Ball Turnover (P3.T9),,,5,2037,Jamal Crawford,1610612756.0,Phoenix,Suns,PHX,4,204060,Joe Ingles,1610612762.0,Utah,Jazz,UTA,0,0,,,,,,1
0021800808,219,1,78,2,9:47 PM,8:12,Favors 10' Floating Jump Shot (8 PTS) (Ingles 4 AST),,,24 - 41,17,4,202324,Derrick Favors,1610612762.0,Utah,Jazz,UTA,4,204060,Joe Ingles,1610612762.0,Utah,Jazz,UTA,0,0,,,,,,1
0021800808,221,6,2,2,9:48 PM,7:56,Crowder S.FOUL (P1.T3) (E.Malloy),,,,,4,203109,Jae Crowder,1610612762.0,Utah,Jazz,UTA,5,1626162,Kelly Oubre Jr.,1610612756.0,Phoenix,Suns,PHX,1,0,,,,,,1
0021800808,223,6,11,2,9:48 PM,7:56,,,Crawford T.FOUL (P0.T1) (R.Acosta),,,5,2037,Jamal Crawford,1610612756.0,Phoenix,Suns,PHX,0,0,,,,,,1,0,,,,,,1
0021800808,224,3,16,2,9:48 PM,7:56,MISS Korver Free Throw Technical,,,,,4,2594,Kyle Korver,1610612762.0,Utah,Jazz,UTA,0,0,,,,,,0,0,,,,,,0
0021800808,225,4,1,2,9:48 PM,7:56,,,Suns Rebound,,,3,1610612756,,,,,,0,0,,,,,,0,0,,,,,,0
0021800808,228,3,11,2,9:49 PM,7:56,,,Oubre Jr. Free Throw 1 of 2 (5 PTS),25 - 41,16,5,1626162,Kelly Oubre Jr.,1610612756.0,Phoenix,Suns,PHX,0,0,,,,,,0,0,,,,,,0
0021800808,229,8,0,2,9:49 PM,7:56,SUB: Gobert FOR Favors,,,,,4,202324,Derrick Favors,1610612762.0,Utah,Jazz,UTA,4,203497,Rudy Gobert,1610612762.0,Utah,Jazz,UTA,0,0,,,,,,0
0021800808,230,8,0,2,9:49 PM,7:56,SUB: Niang FOR Crowder,,,,,4,203109,Jae Crowder,1610612762.0,Utah,Jazz,UTA,4,1627777,Georges Niang,1610612762.0,Utah,Jazz,UTA,0,0,,,,,,0
0021800808,231,8,0,2,9:49 PM,7:56,,,SUB: Okobo FOR Crawford,,,5,2037,Jamal Crawford,1610612756.0,Phoenix,Suns,PHX,5,1629059,Elie Okobo,1610612756.0,Phoenix,Suns,PHX,0,0,,,,,,0
0021800808,235,3,12,2,9:49 PM,7:56,,,Oubre Jr. Free Throw 2 of 2 (6 PTS),26 - 41,15,5,1626162,Kelly Oubre Jr.,1610612756.0,Phoenix,Suns,PHX,0,0,,,,,,0,0,,,,,,0
0021800808,236,5,45,2,9:49 PM,7:45,Mitchell Out of Bounds - Bad Pass Turnover Turnover (P1.T6),,,,,4,1628378,Donovan Mitchell,1610612762.0,Utah,Jazz,UTA,0,0,,,,,,1,0,,,,,,1
0021800808,237,8,0,2,9:49 PM,7:45,,,SUB: Bridges FOR Oubre Jr.,,,5,1626162,Kelly Oubre Jr.,1610612756.0,Phoenix,Suns,PHX,5,1628969,Mikal Bridges,1610612756.0,Phoenix,Suns,PHX,0,0,,,,,,0
0021800808,239,1,44,2,9:50 PM,7:26,,,Jackson 3' Reverse Layup (5 PTS) (Ayton 1 AST),28 - 41,13,5,1628367,Josh Jackson,1610612756.0,Phoenix,Suns,PHX,5,1629028,Deandre Ayton,1610612756.0,Phoenix,Suns,PHX,0,0,,,,,,1
0021800808,241,2,1,2,9:50 PM,7:09,MISS Korver 25' 3PT Jump Shot,,,,,4,2594,Kyle Korver,1610612762.0,Utah,Jazz,UTA,0,0,,,,,,0,0,,,,,,1
0021800808,242,4,0,2,9:50 PM,7:06,,,Daniels REBOUND (Off:0 Def:1),,,5,203584,Troy Daniels,1610612756.0,Phoenix,Suns,PHX,0,0,,,,,,0,0,,,,,,1
0021800808,243,1,6,2,9:50 PM,6:56,,,Okobo 1' Driving Layup (2 PTS),30 - 41,11,5,1629059,Elie Okobo,1610612756.0,Phoenix,Suns,PHX,0,0,,,,,,0,0,,,,,,1
0021800808,244,1,5,2,9:50 PM,6:41,Gobert 4' Layup (5 PTS) (Ingles 5 AST),,,30 - 43,13,4,203497,Rudy Gobert,1610612762.0,Utah,Jazz,UTA,4,204060,Joe Ingles,1610612762.0,Utah,Jazz,UTA,0,0,,,,,,1
0021800808,246,2,79,2,9:51 PM,6:27,,,MISS Daniels 19' Pullup Jump Shot,,,5,203584,Troy Daniels,1610612756.0,Phoenix,Suns,PHX,0,0,,,,,,0,0,,,,,,1
0021800808,247,4,0,2,9:51 PM,6:24,Mitchell REBOUND (Off:0 Def:1),,,,,4,1628378,Donovan Mitchell,1610612762.0,Utah,Jazz,UTA,0,0,,,,,,0,0,,,,,,1
0021800808,248,1,41,2,9:51 PM,6:21,Mitchell 2' Running Layup (6 PTS),,,30 - 45,15,4,1628378,Donovan Mitchell,1610612762.0,Utah,Jazz,UTA,0,0,,,,,,0,0,,,,,,1
0021800808,249,1,79,2,9:51 PM,6:05,,,Jackson 14' Pullup Jump Shot (7 PTS),32 - 45,13,5,1628367,Josh Jackson,1610612756.0,Phoenix,Suns,PHX,0,0,,,,,,0,0,,,,,,1
0021800808,250,2,6,2,9:51 PM,5:56,MISS Mitchell 4' Driving Layup,,,,,4,1628378,Donovan Mitchell,1610612762.0,Utah,Jazz,UTA,0,0,,,,,,0,0,,,,,,1
0021800808,251,4,0,2,9:51 PM,5:53,,,Bridges REBOUND (Off:0 Def:1),,,5,1628969,Mikal Bridges,1610612756.0,Phoenix,Suns,PHX,0,0,,,,,,0,0,,,,,,1
0021800808,252,1,78,2,9:52 PM,5:39,,,Jackson 12' Floating Jump Shot (9 PTS),34 - 45,11,5,1628367,Josh Jackson,1610612756.0,Phoenix,Suns,PHX,0,0,,,,,,0,0,,,,,,1
0021800808,253,6,2,2,9:52 PM,5:39,Niang S.FOUL (P1.T4) (R.Acosta),,,,,4,1627777,Georges Niang,1610612762.0,Utah,Jazz,UTA,5,1628367,Josh Jackson,1610612756.0,Phoenix,Suns,PHX,1,0,,,,,,1
0021800808,255,8,0,2,9:52 PM,5:39,SUB: O'Neale FOR Ingles,,,,,4,204060,Joe Ingles,1610612762.0,Utah,Jazz,UTA,4,1626220,Royce O'Neale,1610612762.0,Utah,Jazz,UTA,0,0,,,,,,0
0021800808,256,8,0,2,9:52 PM,5:39,SUB: Rubio FOR Korver,,,,,4,2594,Kyle Korver,1610612762.0,Utah,Jazz,UTA,4,201937,Ricky Rubio,1610612762.0,Utah,Jazz,UTA,0,0,,,,,,0
0021800808,257,8,0,2,9:52 PM,5:39,,,SUB: Oubre Jr. FOR Ayton,,,5,1629028,Deandre Ayton,1610612756.0,Phoenix,Suns,PHX,5,1626162,Kelly Oubre Jr.,1610612756.0,Phoenix,Suns,PHX,0,0,,,,,,0
0021800808,258,8,0,2,9:52 PM,5:39,,,SUB: Holmes FOR Daniels,,,5,203584,Troy Daniels,1610612756.0,Phoenix,Suns,PHX,5,1626158,Richaun Holmes,1610612756.0,Phoenix,Suns,PHX,0,0,,,,,,0
0021800808,263,3,10,2,9:52 PM,5:39,,,Jackson Free Throw 1 of 1 (10 PTS),35 - 45,10,5,1628367,Josh Jackson,1610612756.0,Phoenix,Suns,PHX,0,0,,,,,,0,0,,,,,,0
0021800808,264,2,5,2,9:52 PM,5:29,MISS Mitchell 5' Layup,,,,,4,1628378,Donovan Mitchell,1610612762.0,Utah,Jazz,UTA,0,0,,,,,,0,0,,,,,,1
0021800808,265,4,0,2,9:52 PM,5:25,Rubio REBOUND (Off:2 Def:2),,,,,4,201937,Ricky Rubio,1610612762.0,Utah,Jazz,UTA,0,0,,,,,,0,0,,,,,,1
0021800808,266,2,108,2,9:52 PM,5:21,MISS Mitchell 3' Cutting Dunk Shot,,,,,4,1628378,Donovan Mitchell,1610612762.0,Utah,Jazz,UTA,0,0,,,,,,0,0,,,,,,1
0021800808,267,4,0,2,9:53 PM,5:19,O'Neale REBOUND (Off:1 Def:0),,,,,4,1626220,Royce O'Neale,1610612762.0,Utah,Jazz,UTA,0,0,,,,,,0,0,,,,,,1
0021800808,268,5,45,2,9:53 PM,5:15,Rubio Out of Bounds - Bad Pass Turnover Turnover (P2.T7),,,,,4,201937,Ricky Rubio,1610612762.0,Utah,Jazz,UTA,0,0,,,,,,1,0,,,,,,1
0021800808,269,2,1,2,9:53 PM,5:01,,,MISS Jackson 25' 3PT Jump Shot,,,5,1628367,Josh Jackson,1610612756.0,Phoenix,Suns,PHX,0,0,,,,,,0,0,,,,,,1
0021800808,270,4,0,2,9:53 PM,4:59,Rubio REBOUND (Off:2 Def:3),,,,,4,201937,Ricky Rubio,1610612762.0,Utah,Jazz,UTA,0,0,,,,,,0,0,,,,,,1
0021800808,271,5,45,2,9:53 PM,4:56,Rubio Out of Bounds - Bad Pass Turnover Turnover (P3.T8),,,,,4,201937,Ricky Rubio,1610612762.0,Utah,Jazz,UTA,0,0,,,,,,1,0,,,,,,1
0021800808,272,8,0,2,9:53 PM,4:56,SUB: Crowder FOR Niang,,,,,4,1627777,Georges Niang,1610612762.0,Utah,Jazz,UTA,4,203109,Jae Crowder,1610612762.0,Utah,Jazz,UTA,0,0,,,,,,0
0021800808,274,1,6,2,9:54 PM,4:39,,,Oubre Jr. 4' Driving Layup (8 PTS),37 - 45,8,5,1626162,Kelly Oubre Jr.,1610612756.0,Phoenix,Suns,PHX,0,0,,,,,,0,0,,,,,,1
0021800808,275,6,2,2,9:54 PM,4:39,Rubio S.FOUL (P1.PN) (T.Ford),,,,,4,201937,Ricky Rubio,1610612762.0,Utah,Jazz,UTA,5,1626162,Kelly Oubre Jr.,1610612756.0,Phoenix,Suns,PHX,1,0,,,,,,1
0021800808,277,3,10,2,9:54 PM,4:39,,,Oubre Jr. Free Throw 1 of 1 (9 PTS),38 - 45,7,5,1626162,Kelly Oubre Jr.,1610612756.0,Phoenix,Suns,PHX,0,0,,,,,,0,0,,,,,,0
0021800808,278,1,1,2,9:54 PM,4:27,O'Neale 3PT Jump Shot (5 PTS) (Mitchell 2 AST),,,38 - 48,10,4,1626220,Royce O'Neale,1610612762.0,Utah,Jazz,UTA,4,1628378,Donovan Mitchell,1610612762.0,Utah,Jazz,UTA,0,0,,,,,,1
0021800808,280,2,6,2,9:55 PM,4:08,,,MISS Holmes 3' Driving Layup,,,5,1626158,Richaun Holmes,1610612756.0,Phoenix,Suns,PHX,0,0,,,,,,0,0,,,,,,1
0021800808,281,4,0,2,9:55 PM,4:06,Mitchell REBOUND (Off:0 Def:2),,,,,4,1628378,Donovan Mitchell,1610612762.0,Utah,Jazz,UTA,0,0,,,,,,0,0,,,,,,1
0021800808,282,5,45,2,9:55 PM,3:56,Crowder Out of Bounds - Bad Pass Turnover Turnover (P1.T9),,,,,4,203109,Jae Crowder,1610612762.0,Utah,Jazz,UTA,0,0,,,,,,1,0,,,,,,1
0021800808,284,2,3,2,9:55 PM,3:38,Gobert BLOCK (1 BLK),,MISS Oubre Jr. 6' Hook Shot,,,5,1626162,Kelly Oubre Jr.,1610612756.0,Phoenix,Suns,PHX,0,0,,,,,,4,203497,Rudy Gobert,1610612762.0,Utah,Jazz,UTA,1
0021800808,286,4,0,2,9:55 PM,3:35,O'Neale REBOUND (Off:1 Def:1),,,,,4,1626220,Royce O'Neale,1610612762.0,Utah,Jazz,UTA,0,0,,,,,,0,0,,,,,,1
0021800808,287,1,7,2,9:55 PM,3:30,Gobert 1' Dunk (7 PTS) (O'Neale 2 AST),,,38 - 50,12,4,203497,Rudy Gobert,1610612762.0,Utah,Jazz,UTA,4,1626220,Royce O'Neale,1610612762.0,Utah,Jazz,UTA,0,0,,,,,,1
0021800808,289,6,2,2,9:56 PM,3:11,Crowder S.FOUL (P2.PN) (R.Acosta),,,,,4,203109,Jae Crowder,1610612762.0,Utah,Jazz,UTA,5,1628367,Josh Jackson,1610612756.0,Phoenix,Suns,PHX,1,0,,,,,,1
0021800808,291,3,11,2,9:56 PM,3:11,,,Jackson Free Throw 1 of 2 (11 PTS),39 - 50,11,5,1628367,Josh Jackson,1610612756.0,Phoenix,Suns,PHX,0,0,,,,,,0,0,,,,,,0
0021800808,292,3,12,2,9:57 PM,3:11,,,Jackson Free Throw 2 of 2 (12 PTS),40 - 50,10,5,1628367,Josh Jackson,1610612756.0,Phoenix,Suns,PHX,0,0,,,,,,0,0,,,,,,0
0021800808,293,2,6,2,9:57 PM,2:54,MISS Mitchell 4' Driving Layup,,,,,4,1628378,Donovan Mitchell,1610612762.0,Utah,Jazz,UTA,0,0,,,,,,0,0,,,,,,1
0021800808,294,4,0,2,9:57 PM,2:51,,,Okobo REBOUND (Off:0 Def:1),,,5,1629059,Elie Okobo,1610612756.0,Phoenix,Suns,PHX,0,0,,,,,,0,0,,,,,,1
0021800808,295,6,2,2,9:57 PM,2:49,O'Neale S.FOUL (P1.PN) (T.Ford),,,,,4,1626220,Royce O'Neale,1610612762.0,Utah,Jazz,UTA,5,1626162,Kelly Oubre Jr.,1610612756.0,Phoenix,Suns,PHX,1,0,,,,,,1
0021800808,297,9,1,2,9:57 PM,2:49,JAZZ Timeout: Regular (Full 2 Short 0),,,,,2,1610612762,,,,,,0,0,,,,,,0,0,,,,,,0
0021800808,298,8,0,2,10:00 PM,2:49,SUB: Ingles FOR O'Neale,,,,,4,1626220,Royce O'Neale,1610612762.0,Utah,Jazz,UTA,4,204060,Joe Ingles,1610612762.0,Utah,Jazz,UTA,0,0,,,,,,0
0021800808,300,3,11,2,10:00 PM,2:49,,,Oubre Jr. Free Throw 1 of 2 (10 PTS),41 - 50,9,5,1626162,Kelly Oubre Jr.,1610612756.0,Phoenix,Suns,PHX,0,0,,,,,,0,0,,,,,,0
0021800808,301,3,12,2,10:00 PM,2:49,,,MISS Oubre Jr. Free Throw 2 of 2,,,5,1626162,Kelly Oubre Jr.,1610612756.0,Phoenix,Suns,PHX,0,0,,,,,,0,0,,,,,,0
0021800808,302,4,0,2,10:00 PM,2:48,Rubio REBOUND (Off:2 Def:4),,,,,4,201937,Ricky Rubio,1610612762.0,Utah,Jazz,UTA,0,0,,,,,,0,0,,,,,,1
0021800808,303,5,1,2,10:01 PM,2:31,Rubio Bad Pass Turnover (P4.T10),,Jackson STEAL (3 STL),,,4,201937,Ricky Rubio,1610612762.0,Utah,Jazz,UTA,5,1628367,Josh Jackson,1610612756.0,Phoenix,Suns,PHX,0,0,,,,,,1
0021800808,305,1,106,2,10:01 PM,2:26,,,Holmes 3' Running Alley Oop Dunk Shot (5 PTS) (Jackson 2 AST),43 - 50,7,5,1626158,Richaun Holmes,1610612756.0,Phoenix,Suns,PHX,5,1628367,Josh Jackson,1610612756.0,Phoenix,Suns,PHX,0,0,,,,,,1
0021800808,307,1,75,2,10:01 PM,2:10,Rubio 2' Driving Finger Roll Layup (5 PTS) (Ingles 6 AST),,,43 - 52,9,4,201937,Ricky Rubio,1610612762.0,Utah,Jazz,UTA,4,204060,Joe Ingles,1610612762.0,Utah,Jazz,UTA,0,0,,,,,,1
0021800808,309,2,3,2,10:01 PM,1:47,Gobert BLOCK (2 BLK),,MISS Holmes 7' Hook Shot,,,5,1626158,Richaun Holmes,1610612756.0,Phoenix,Suns,PHX,0,0,,,,,,4,203497,Rudy Gobert,1610612762.0,Utah,Jazz,UTA,1
0021800808,311,4,0,2,10:01 PM,1:44,Ingles REBOUND (Off:0 Def:2),,,,,4,204060,Joe Ingles,1610612762.0,Utah,Jazz,UTA,0,0,,,,,,0,0,,,,,,1
0021800808,312,6,1,2,10:01 PM,1:41,,,Oubre Jr. P.FOUL (P1.T2) (T.Ford),,,5,1626162,Kelly Oubre Jr.,1610612756.0,Phoenix,Suns,PHX,4,203497,Rudy Gobert,1610612762.0,Utah,Jazz,UTA,1,0,,,,,,1
0021800808,314,8,0,2,10:02 PM,1:41,,,SUB: Ayton FOR Okobo,,,5,1629059,Elie Okobo,1610612756.0,Phoenix,Suns,PHX,5,1629028,Deandre Ayton,1610612756.0,Phoenix,Suns,PHX,0,0,,,,,,0
0021800808,315,8,0,2,10:02 PM,1:41,,,SUB: Crawford FOR Holmes,,,5,1626158,Richaun Holmes,1610612756.0,Phoenix,Suns,PHX,5,2037,Jamal Crawford,1610612756.0,Phoenix,Suns,PHX,0,0,,,,,,0
0021800808,318,2,1,2,10:02 PM,1:25,MISS Crowder 3PT Jump Shot,,,,,4,203109,Jae Crowder,1610612762.0,Utah,Jazz,UTA,0,0,,,,,,0,0,,,,,,1
0021800808,319,4,0,2,10:02 PM,1:22,,,Ayton REBOUND (Off:1 Def:3),,,5,1629028,Deandre Ayton,1610612756.0,Phoenix,Suns,PHX,0,0,,,,,,0,0,,,,,,1
0021800808,320,6,2,2,10:02 PM,1:17,Crowder S.FOUL (P3.PN) (T.Ford),,,,,4,203109,Jae Crowder,1610612762.0,Utah,Jazz,UTA,5,1628367,Josh Jackson,1610612756.0,Phoenix,Suns,PHX,1,0,,,,,,1
0021800808,322,3,11,2,10:03 PM,1:17,,,Jackson Free Throw 1 of 2 (13 PTS),44 - 52,8,5,1628367,Josh Jackson,1610612756.0,Phoenix,Suns,PHX,0,0,,,,,,0,0,,,,,,0
0021800808,323,8,0,2,10:03 PM,1:17,SUB: O'Neale FOR Crowder,,,,,4,203109,Jae Crowder,1610612762.0,Utah,Jazz,UTA,4,1626220,Royce O'Neale,1610612762.0,Utah,Jazz,UTA,0,0,,,,,,0
0021800808,325,3,12,2,10:03 PM,1:17,,,MISS Jackson Free Throw 2 of 2,,,5,1628367,Josh Jackson,1610612756.0,Phoenix,Suns,PHX,0,0,,,,,,0,0,,,,,,0
0021800808,326,4,0,2,10:03 PM,1:15,Gobert REBOUND (Off:1 Def:3),,,,,4,203497,Rudy Gobert,1610612762.0,Utah,Jazz,UTA,0,0,,,,,,0,0,,,,,,1
0021800808,327,1,52,2,10:04 PM,1:04,Gobert 2' Alley Oop Dunk (9 PTS) (Rubio 4 AST),,,44 - 54,10,4,203497,Rudy Gobert,1610612762.0,Utah,Jazz,UTA,4,201937,Ricky Rubio,1610612762.0,Utah,Jazz,UTA,0,0,,,,,,1
0021800808,329,6,2,2,10:04 PM,1:04,,,Oubre Jr. S.FOUL (P2.PN) (T.Ford),,,5,1626162,Kelly Oubre Jr.,1610612756.0,Phoenix,Suns,PHX,4,203497,Rudy Gobert,1610612762.0,Utah,Jazz,UTA,1,0,,,,,,1
0021800808,331,3,10,2,10:04 PM,1:04,MISS Gobert Free Throw 1 of 1,,,,,4,203497,Rudy Gobert,1610612762.0,Utah,Jazz,UTA,0,0,,,,,,0,0,,,,,,0
0021800808,332,4,0,2,10:04 PM,1:02,,,Ayton REBOUND (Off:1 Def:4),,,5,1629028,Deandre Ayton,1610612756.0,Phoenix,Suns,PHX,0,0,,,,,,0,0,,,,,,1
0021800808,333,1,80,2,10:04 PM,0:51,,,Jackson 18' Step Back Jump Shot (15 PTS) (Crawford 4 AST),46 - 54,8,5,1628367,Josh Jackson,1610612756.0,Phoenix,Suns,PHX,5,2037,Jamal Crawford,1610612756.0,Phoenix,Suns,PHX,0,0,,,,,,1
0021800808,335,1,78,2,10:04 PM,0:39,Mitchell 8' Floating Jump Shot (8 PTS),,,46 - 56,10,4,1628378,Donovan Mitchell,1610612762.0,Utah,Jazz,UTA,0,0,,,,,,0,0,,,,,,1
0021800808,336,2,101,2,10:05 PM,0:31,,,MISS Bridges 10' Driving Floating Jump Shot,,,5,1628969,Mikal Bridges,1610612756.0,Phoenix,Suns,PHX,0,0,,,,,,0,0,,,,,,1
0021800808,337,4,0,2,10:05 PM,0:28,Gobert REBOUND (Off:1 Def:4),,,,,4,203497,Rudy Gobert,1610612762.0,Utah,Jazz,UTA,0,0,,,,,,0,0,,,,,,1
0021800808,338,2,80,2,10:05 PM,0:09,MISS Mitchell 20' Step Back Jump Shot,,,,,4,1628378,Donovan Mitchell,1610612762.0,Utah,Jazz,UTA,0,0,,,,,,0,0,,,,,,1
0021800808,339,4,0,2,10:05 PM,0:05,,,Bridges REBOUND (Off:0 Def:2),,,5,1628969,Mikal Bridges,1610612756.0,Phoenix,Suns,PHX,0,0,,,,,,0,0,,,,,,1
0021800808,340,2,79,2,10:05 PM,0:01,,,MISS Crawford 27' 3PT Pullup Jump Shot,,,5,2037,Jamal Crawford,1610612756.0,Phoenix,Suns,PHX,0,0,,,,,,0,0,,,,,,1
0021800808,341,4,0,2,10:05 PM,0:01,,,Suns Rebound,,,3,1610612756,,,,,,0,0,,,,,,0,0,,,,,,0
0021800808,342,13,0,2,10:05 PM,0:00,,End of 2nd Period (10:05 PM EST),,46 - 56,10,0,0,,,,,,0,0,,,,,,0,0,,,,,,1
0021800808,349,12,0,3,10:20 PM,12:00,,Start of 3rd Period (10:20 PM EST),,46 - 56,10,0,0,,,,,,0,0,,,,,,0,0,,,,,,0
0021800808,350,2,1,3,10:21 PM,11:43,,,MISS Ayton 11' Jump Shot,,,5,1629028,Deandre Ayton,1610612756.0,Phoenix,Suns,PHX,0,0,,,,,,0,0,,,,,,1
0021800808,351,4,0,3,10:21 PM,11:37,,,Ayton REBOUND (Off:2 Def:4),,,5,1629028,Deandre Ayton,1610612756.0,Phoenix,Suns,PHX,0,0,,,,,,0,0,,,,,,1
0021800808,352,2,97,3,10:21 PM,11:37,,,MISS Ayton 1' Tip Layup Shot,,,5,1629028,Deandre Ayton,1610612756.0,Phoenix,Suns,PHX,0,0,,,,,,0,0,,,,,,1
0021800808,353,4,0,3,10:21 PM,11:36,,,Ayton REBOUND (Off:3 Def:4),,,5,1629028,Deandre Ayton,1610612756.0,Phoenix,Suns,PHX,0,0,,,,,,0,0,,,,,,1
0021800808,354,1,97,3,10:21 PM,11:36,,,Ayton 1' Tip Layup Shot (10 PTS),48 - 56,8,5,1629028,Deandre Ayton,1610612756.0,Phoenix,Suns,PHX,0,0,,,,,,0,0,,,,,,1
0021800808,355,2,1,3,10:21 PM,11:11,MISS Ingles 24' 3PT Jump Shot,,,,,4,204060,Joe Ingles,1610612762.0,Utah,Jazz,UTA,0,0,,,,,,0,0,,,,,,1
0021800808,356,4,0,3,10:21 PM,11:07,,,Ayton REBOUND (Off:3 Def:5),,,5,1629028,Deandre Ayton,1610612756.0,Phoenix,Suns,PHX,0,0,,,,,,0,0,,,,,,1
0021800808,357,2,5,3,10:21 PM,10:58,,,MISS Ayton 3' Layup,,,5,1629028,Deandre Ayton,1610612756.0,Phoenix,Suns,PHX,0,0,,,,,,0,0,,,,,,1
0021800808,359,4,0,3,10:21 PM,10:55,Ingles REBOUND (Off:0 Def:3),,,,,4,204060,Joe Ingles,1610612762.0,Utah,Jazz,UTA,0,0,,,,,,0,0,,,,,,1
0021800808,360,5,1,3,10:22 PM,10:50,Ingles Bad Pass Turnover (P3.T11),,Jackson STEAL (4 STL),,,4,204060,Joe Ingles,1610612762.0,Utah,Jazz,UTA,5,1628367,Josh Jackson,1610612756.0,Phoenix,Suns,PHX,0,0,,,,,,1
0021800808,362,1,74,3,10:22 PM,10:45,,,Okobo 2' Running Reverse Layup (4 PTS) (Jackson 3 AST),50 - 56,6,5,1629059,Elie Okobo,1610612756.0,Phoenix,Suns,PHX,5,1628367,Josh Jackson,1610612756.0,Phoenix,Suns,PHX,0,0,,,,,,1
0021800808,364,2,6,3,10:22 PM,10:27,MISS Mitchell 3' Driving Layup,,,,,4,1628378,Donovan Mitchell,1610612762.0,Utah,Jazz,UTA,0,0,,,,,,0,0,,,,,,1
0021800808,365,4,0,3,10:22 PM,10:24,Gobert REBOUND (Off:2 Def:4),,,,,4,203497,Rudy Gobert,1610612762.0,Utah,Jazz,UTA,0,0,,,,,,0,0,,,,,,1
0021800808,366,1,97,3,10:22 PM,10:24,Gobert 1' Tip Layup Shot (11 PTS),,,50 - 58,8,4,203497,Rudy Gobert,1610612762.0,Utah,Jazz,UTA,0,0,,,,,,0,0,,,,,,1
0021800808,367,5,45,3,10:22 PM,10:15,,,Ayton Out of Bounds - Bad Pass Turnover Turnover (P3.T10),,,5,1629028,Deandre Ayton,1610612756.0,Phoenix,Suns,PHX,0,0,,,,,,1,0,,,,,,1
0021800808,368,2,6,3,10:23 PM,10:02,MISS Rubio 3' Driving Layup,,,,,4,201937,Ricky Rubio,1610612762.0,Utah,Jazz,UTA,0,0,,,,,,0,0,,,,,,1
0021800808,369,4,0,3,10:23 PM,10:00,,,Bender REBOUND (Off:0 Def:2),,,5,1627733,Dragan Bender,1610612756.0,Phoenix,Suns,PHX,0,0,,,,,,0,0,,,,,,1
0021800808,370,1,1,3,10:23 PM,9:57,,,Bridges 28' 3PT Jump Shot (7 PTS) (Okobo 2 AST),53 - 58,5,5,1628969,Mikal Bridges,1610612756.0,Phoenix,Suns,PHX,5,1629059,Elie Okobo,1610612756.0,Phoenix,Suns,PHX,0,0,,,,,,1
0021800808,372,6,2,3,10:23 PM,9:41,,,Bender S.FOUL (P2.T1) (R.Acosta),,,5,1627733,Dragan Bender,1610612756.0,Phoenix,Suns,PHX,4,203497,Rudy Gobert,1610612762.0,Utah,Jazz,UTA,1,0,,,,,,1
0021800808,374,3,11,3,10:23 PM,9:41,Gobert Free Throw 1 of 2 (12 PTS),,,53 - 59,6,4,203497,Rudy Gobert,1610612762.0,Utah,Jazz,UTA,0,0,,,,,,0,0,,,,,,0
0021800808,376,3,12,3,10:24 PM,9:41,MISS Gobert Free Throw 2 of 2,,,,,4,203497,Rudy Gobert,1610612762.0,Utah,Jazz,UTA,0,0,,,,,,0,0,,,,,,0
0021800808,377,4,0,3,10:24 PM,9:39,,,Bender REBOUND (Off:0 Def:3),,,5,1627733,Dragan Bender,1610612756.0,Phoenix,Suns,PHX,0,0,,,,,,0,0,,,,,,1
0021800808,379,5,45,3,10:24 PM,9:27,,,Okobo Out of Bounds - Bad Pass Turnover Turnover (P2.T11),,,5,1629059,Elie Okobo,1610612756.0,Phoenix,Suns,PHX,0,0,,,,,,1,0,,,,,,1
0021800808,380,2,1,3,10:24 PM,9:18,MISS Mitchell 3PT Jump Shot,,,,,4,1628378,Donovan Mitchell,1610612762.0,Utah,Jazz,UTA,0,0,,,,,,0,0,,,,,,1
0021800808,381,4,0,3,10:24 PM,9:13,Gobert REBOUND (Off:3 Def:4),,,,,4,203497,Rudy Gobert,1610612762.0,Utah,Jazz,UTA,0,0,,,,,,0,0,,,,,,1
0021800808,382,2,97,3,10:24 PM,9:13,MISS Gobert 1' Tip Layup Shot,,,,,4,203497,Rudy Gobert,1610612762.0,Utah,Jazz,UTA,0,0,,,,,,0,0,,,,,,1
0021800808,383,4,0,3,10:24 PM,9:11,Gobert REBOUND (Off:4 Def:4),,,,,4,203497,Rudy Gobert,1610612762.0,Utah,Jazz,UTA,0,0,,,,,,0,0,,,,,,1
0021800808,384,2,97,3,10:24 PM,9:11,MISS Gobert 1' Tip Layup Shot,,,,,4,203497,Rudy Gobert,1610612762.0,Utah,Jazz,UTA,0,0,,,,,,0,0,,,,,,1
0021800808,385,4,0,3,10:24 PM,9:11,,,Ayton REBOUND (Off:3 Def:6),,,5,1629028,Deandre Ayton,1610612756.0,Phoenix,Suns,PHX,0,0,,,,,,0,0,,,,,,1
0021800808,386,5,1,3,10:24 PM,9:07,Gobert STEAL (1 STL),,Jackson Bad Pass Turnover (P3.T12),,,5,1628367,Josh Jackson,1610612756.0,Phoenix,Suns,PHX,4,203497,Rudy Gobert,1610612762.0,Utah,Jazz,UTA,0,0,,,,,,1
0021800808,388,6,1,3,10:24 PM,9:07,,,Ayton P.FOUL (P2.T2) (E.Malloy),,,5,1629028,Deandre Ayton,1610612756.0,Phoenix,Suns,PHX,4,202324,Derrick Favors,1610612762.0,Utah,Jazz,UTA,1,0,,,,,,1
0021800808,390,1,98,3,10:25 PM,8:58,Mitchell 1' Cutting Layup Shot (10 PTS) (Rubio 5 AST),,,53 - 61,8,4,1628378,Donovan Mitchell,1610612762.0,Utah,Jazz,UTA,4,201937,Ricky Rubio,1610612762.0,Utah,Jazz,UTA,0,0,,,,,,1
0021800808,392,2,1,3,10:25 PM,8:39,,,MISS Ayton 18' Jump Shot,,,5,1629028,Deandre Ayton,1610612756.0,Phoenix,Suns,PHX,0,0,,,,,,0,0,,,,,,1
0021800808,393,4,0,3,10:25 PM,8:36,Gobert REBOUND (Off:4 Def:5),,,,,4,203497,Rudy Gobert,1610612762.0,Utah,Jazz,UTA,0,0,,,,,,0,0,,,,,,1
0021800808,394,2,44,3,10:25 PM,8:25,MISS Favors 3' Reverse Layup,,Bridges BLOCK (1 BLK),,,4,202324,Derrick Favors,1610612762.0,Utah,Jazz,UTA,0,0,,,,,,5,1628969,Mikal Bridges,1610612756.0,Phoenix,Suns,PHX,1
0021800808,396,4,0,3,10:25 PM,8:20,,,Bender REBOUND (Off:0 Def:4),,,5,1627733,Dragan Bender,1610612756.0,Phoenix,Suns,PHX,0,0,,,,,,0,0,,,,,,1
0021800808,397,2,1,3,10:25 PM,8:17,,,MISS Jackson 14' Jump Shot,,,5,1628367,Josh Jackson,1610612756.0,Phoenix,Suns,PHX,0,0,,,,,,0,0,,,,,,1
0021800808,514,2,97,3,10:26 PM,8:14,,,MISS Jackson 2' Tip Layup Shot,,,5,1628367,Josh Jackson,1610612756.0,Phoenix,Suns,PHX,0,0,,,,,,0,0,,,,,,1
0021800808,516,4,0,3,10:26 PM,8:14,,,Bridges REBOUND (Off:1 Def:2),,,5,1628969,Mikal Bridges,1610612756.0,Phoenix,Suns,PHX,0,0,,,,,,0,0,,,,,,1
0021800808,398,4,0,3,10:26 PM,8:14,,,Jackson REBOUND (Off:1 Def:2),,,5,1628367,Josh Jackson,1610612756.0,Phoenix,Suns,PHX,0,0,,,,,,0,0,,,,,,0
0021800808,399,5,40,3,10:26 PM,8:13,,,Bridges Out of Bounds Lost Ball Turnover (P1.T13),,,5,1628969,Mikal Bridges,1610612756.0,Phoenix,Suns,PHX,0,0,,,,,,1,0,,,,,,1
0021800808,400,1,79,3,10:26 PM,7:52,Rubio 19' Pullup Jump Shot (7 PTS) (Ingles 7 AST),,,53 - 63,10,4,201937,Ricky Rubio,1610612762.0,Utah,Jazz,UTA,4,204060,Joe Ingles,1610612762.0,Utah,Jazz,UTA,0,0,,,,,,1
0021800808,402,6,4,3,10:26 PM,7:36,,,Bridges OFF.Foul (P2) (E.Malloy),,,5,1628969,Mikal Bridges,1610612756.0,Phoenix,Suns,PHX,4,203497,Rudy Gobert,1610612762.0,Utah,Jazz,UTA,1,0,,,,,,1
0021800808,404,5,37,3,10:26 PM,7:36,,,Bridges Offensive Foul Turnover (P2.T14),,,5,1628969,Mikal Bridges,1610612756.0,Phoenix,Suns,PHX,0,0,,,,,,1,0,,,,,,1
0021800808,405,6,2,3,10:27 PM,7:18,,,Ayton S.FOUL (P3.T3) (R.Acosta),,,5,1629028,Deandre Ayton,1610612756.0,Phoenix,Suns,PHX,4,203497,Rudy Gobert,1610612762.0,Utah,Jazz,UTA,1,0,,,,,,1
0021800808,407,3,11,3,10:27 PM,7:18,MISS Gobert Free Throw 1 of 2,,,,,4,203497,Rudy Gobert,1610612762.0,Utah,Jazz,UTA,0,0,,,,,,0,0,,,,,,0
0021800808,408,4,1,3,10:27 PM,7:18,JAZZ Rebound,,,,,2,1610612762,,,,,,0,0,,,,,,0,0,,,,,,0
0021800808,409,8,0,3,10:27 PM,7:18,SUB: Crowder FOR Favors,,,,,4,202324,Derrick Favors,1610612762.0,Utah,Jazz,UTA,4,203109,Jae Crowder,1610612762.0,Utah,Jazz,UTA,0,0,,,,,,0
0021800808,411,3,12,3,10:28 PM,7:18,Gobert Free Throw 2 of 2 (13 PTS),,,53 - 64,11,4,203497,Rudy Gobert,1610612762.0,Utah,Jazz,UTA,0,0,,,,,,0,0,,,,,,0
0021800808,412,9,1,3,10:28 PM,7:13,,,Suns Timeout: Regular (Reg.3 Short 0),,,3,1610612756,,,,,,0,0,,,,,,0,0,,,,,,0
0021800808,413,8,0,3,10:30 PM,7:13,SUB: Korver FOR Ingles,,,,,4,204060,Joe Ingles,1610612762.0,Utah,Jazz,UTA,4,2594,Kyle Korver,1610612762.0,Utah,Jazz,UTA,0,0,,,,,,0
0021800808,415,8,0,3,10:30 PM,7:13,,,SUB: Oubre Jr. FOR Bender,,,5,1627733,Dragan Bender,1610612756.0,Phoenix,Suns,PHX,5,1626162,Kelly Oubre Jr.,1610612756.0,Phoenix,Suns,PHX,0,0,,,,,,0
0021800808,417,2,1,3,10:31 PM,7:05,,,MISS Bridges 25' 3PT Jump Shot,,,5,1628969,Mikal Bridges,1610612756.0,Phoenix,Suns,PHX,0,0,,,,,,0,0,,,,,,1
0021800808,418,4,0,3,10:31 PM,7:03,Crowder REBOUND (Off:2 Def:3),,,,,4,203109,Jae Crowder,1610612762.0,Utah,Jazz,UTA,0,0,,,,,,0,0,,,,,,1
0021800808,419,2,1,3,10:31 PM,6:52,MISS Crowder 25' 3PT Jump Shot,,,,,4,203109,Jae Crowder,1610612762.0,Utah,Jazz,UTA,0,0,,,,,,0,0,,,,,,1
0021800808,420,4,0,3,10:31 PM,6:48,,,Oubre Jr. REBOUND (Off:0 Def:2),,,5,1626162,Kelly Oubre Jr.,1610612756.0,Phoenix,Suns,PHX,0,0,,,,,,0,0,,,,,,1
0021800808,421,6,1,3,10:31 PM,6:37,Mitchell P.FOUL (P3.T1) (T.Ford),,,,,4,1628378,Donovan Mitchell,1610612762.0,Utah,Jazz,UTA,5,1626162,Kelly Oubre Jr.,1610612756.0,Phoenix,Suns,PHX,1,0,,,,,,1
0021800808,423,1,63,3,10:32 PM,6:33,,,Jackson 17' Fadeaway Jumper (17 PTS) (Oubre Jr. 1 AST),55 - 64,9,5,1628367,Josh Jackson,1610612756.0,Phoenix,Suns,PHX,5,1626162,Kelly Oubre Jr.,1610612756.0,Phoenix,Suns,PHX,0,0,,,,,,1
0021800808,426,5,11,3,10:32 PM,6:03,JAZZ Turnover: Shot Clock (T#12),,,,,2,1610612762,,,,,,0,0,,,,,,1,0,,,,,,0
0021800808,427,5,1,3,10:33 PM,5:45,Gobert STEAL (2 STL),,Jackson Bad Pass Turnover (P4.T15),,,5,1628367,Josh Jackson,1610612756.0,Phoenix,Suns,PHX,4,203497,Rudy Gobert,1610612762.0,Utah,Jazz,UTA,0,0,,,,,,1
0021800808,429,5,1,3,10:33 PM,5:43,Korver Bad Pass Turnover (P1.T13),,Jackson STEAL (5 STL),,,4,2594,Kyle Korver,1610612762.0,Utah,Jazz,UTA,5,1628367,Josh Jackson,1610612756.0,Phoenix,Suns,PHX,0,0,,,,,,1
0021800808,431,1,52,3,10:33 PM,5:39,,,Ayton 2' Alley Oop Dunk (12 PTS) (Jackson 4 AST),57 - 64,7,5,1629028,Deandre Ayton,1610612756.0,Phoenix,Suns,PHX,5,1628367,Josh Jackson,1610612756.0,Phoenix,Suns,PHX,0,0,,,,,,1
0021800808,433,2,79,3,10:34 PM,5:23,MISS Mitchell 25' 3PT Pullup Jump Shot,,,,,4,1628378,Donovan Mitchell,1610612762.0,Utah,Jazz,UTA,0,0,,,,,,0,0,,,,,,1
0021800808,434,4,0,3,10:34 PM,5:20,,,Oubre Jr. REBOUND (Off:0 Def:3),,,5,1626162,Kelly Oubre Jr.,1610612756.0,Phoenix,Suns,PHX,0,0,,,,,,0,0,,,,,,1
0021800808,435,5,40,3,10:34 PM,5:14,,,Oubre Jr. Out of Bounds Lost Ball Turnover (P1.T16),,,5,1626162,Kelly Oubre Jr.,1610612756.0,Phoenix,Suns,PHX,0,0,,,,,,1,0,,,,,,1
0021800808,436,9,1,3,10:34 PM,5:14,JAZZ Timeout: Regular (Full 3 Short 0),,,,,2,1610612762,,,,,,0,0,,,,,,0,0,,,,,,0
0021800808,437,8,0,3,10:36 PM,5:14,SUB: O'Neale FOR Rubio,,,,,4,201937,Ricky Rubio,1610612762.0,Utah,Jazz,UTA,4,1626220,Royce O'Neale,1610612762.0,Utah,Jazz,UTA,0,0,,,,,,0
0021800808,439,8,0,3,10:36 PM,5:14,,,SUB: Holmes FOR Ayton,,,5,1629028,Deandre Ayton,1610612756.0,Phoenix,Suns,PHX,5,1626158,Richaun Holmes,1610612756.0,Phoenix,Suns,PHX,0,0,,,,,,0
0021800808,440,8,0,3,10:36 PM,5:14,,,SUB: Daniels FOR Bridges,,,5,1628969,Mikal Bridges,1610612756.0,Phoenix,Suns,PHX,5,203584,Troy Daniels,1610612756.0,Phoenix,Suns,PHX,0,0,,,,,,0
0021800808,443,2,78,3,10:37 PM,5:00,MISS Mitchell 8' Floating Jump Shot,,,,,4,1628378,Donovan Mitchell,1610612762.0,Utah,Jazz,UTA,0,0,,,,,,0,0,,,,,,1
0021800808,444,4,0,3,10:37 PM,4:55,,,Okobo REBOUND (Off:0 Def:2),,,5,1629059,Elie Okobo,1610612756.0,Phoenix,Suns,PHX,0,0,,,,,,0,0,,,,,,1
0021800808,445,2,80,3,10:37 PM,4:42,,,MISS Okobo 25' 3PT Step Back Jump Shot,,,5,1629059,Elie Okobo,1610612756.0,Phoenix,Suns,PHX,0,0,,,,,,0,0,,,,,,1
0021800808,446,4,0,3,10:37 PM,4:39,Gobert REBOUND (Off:4 Def:6),,,,,4,203497,Rudy Gobert,1610612762.0,Utah,Jazz,UTA,0,0,,,,,,0,0,,,,,,1
0021800808,447,2,1,3,10:37 PM,4:24,MISS Crowder 25' 3PT Jump Shot,,,,,4,203109,Jae Crowder,1610612762.0,Utah,Jazz,UTA,0,0,,,,,,0,0,,,,,,1
0021800808,448,4,0,3,10:37 PM,4:21,Crowder REBOUND (Off:3 Def:3),,,,,4,203109,Jae Crowder,1610612762.0,Utah,Jazz,UTA,0,0,,,,,,0,0,,,,,,1
0021800808,449,1,79,3,10:38 PM,4:12,Mitchell 18' Pullup Jump Shot (12 PTS),,,57 - 66,9,4,1628378,Donovan Mitchell,1610612762.0,Utah,Jazz,UTA,0,0,,,,,,0,0,,,,,,1
0021800808,450,1,1,3,10:38 PM,3:55,,,Jackson 25' 3PT Jump Shot (20 PTS) (Okobo 3 AST),60 - 66,6,5,1628367,Josh Jackson,1610612756.0,Phoenix,Suns,PHX,5,1629059,Elie Okobo,1610612756.0,Phoenix,Suns,PHX,0,0,,,,,,1
0021800808,452,6,2,3,10:38 PM,3:30,,,Oubre Jr. S.FOUL (P3.T4) (R.Acosta),,,5,1626162,Kelly Oubre Jr.,1610612756.0,Phoenix,Suns,PHX,4,1628378,Donovan Mitchell,1610612762.0,Utah,Jazz,UTA,1,0,,,,,,1
0021800808,454,3,13,3,10:39 PM,3:30,Mitchell Free Throw 1 of 3 (13 PTS),,,60 - 67,7,4,1628378,Donovan Mitchell,1610612762.0,Utah,Jazz,UTA,0,0,,,,,,0,0,,,,,,0
0021800808,455,3,14,3,10:39 PM,3:30,Mitchell Free Throw 2 of 3 (14 PTS),,,60 - 68,8,4,1628378,Donovan Mitchell,1610612762.0,Utah,Jazz,UTA,0,0,,,,,,0,0,,,,,,0
0021800808,456,3,15,3,10:39 PM,3:30,Mitchell Free Throw 3 of 3 (15 PTS),,,60 - 69,9,4,1628378,Donovan Mitchell,1610612762.0,Utah,Jazz,UTA,0,0,,,,,,0,0,,,,,,0
0021800808,457,1,1,3,10:40 PM,3:05,,,Daniels 27' 3PT Jump Shot (3 PTS) (Oubre Jr. 2 AST),63 - 69,6,5,203584,Troy Daniels,1610612756.0,Phoenix,Suns,PHX,5,1626162,Kelly Oubre Jr.,1610612756.0,Phoenix,Suns,PHX,0,0,,,,,,1
0021800808,458,2,79,3,10:40 PM,2:54,MISS Mitchell 18' Pullup Jump Shot,,,,,4,1628378,Donovan Mitchell,1610612762.0,Utah,Jazz,UTA,0,0,,,,,,0,0,,,,,,1
0021800808,459,4,0,3,10:40 PM,2:48,,,Jackson REBOUND (Off:1 Def:3),,,5,1628367,Josh Jackson,1610612756.0,Phoenix,Suns,PHX,0,0,,,,,,0,0,,,,,,1
0021800808,460,2,79,3,10:40 PM,2:41,,,MISS Jackson 14' Pullup Jump Shot,,,5,1628367,Josh Jackson,1610612756.0,Phoenix,Suns,PHX,0,0,,,,,,0,0,,,,,,1
0021800808,461,4,0,3,10:40 PM,2:39,JAZZ Rebound,,,,,2,1610612762,,,,,,0,0,,,,,,0,0,,,,,,0
0021800808,463,8,0,3,10:40 PM,2:39,SUB: Favors FOR Gobert,,,,,4,203497,Rudy Gobert,1610612762.0,Utah,Jazz,UTA,4,202324,Derrick Favors,1610612762.0,Utah,Jazz,UTA,0,0,,,,,,0
0021800808,464,8,0,3,10:40 PM,2:39,SUB: Ingles FOR Mitchell,,,,,4,1628378,Donovan Mitchell,1610612762.0,Utah,Jazz,UTA,4,204060,Joe Ingles,1610612762.0,Utah,Jazz,UTA,0,0,,,,,,0
0021800808,467,1,1,3,10:41 PM,2:28,O'Neale 24' 3PT Jump Shot (8 PTS) (Ingles 8 AST),,,63 - 72,9,4,1626220,Royce O'Neale,1610612762.0,Utah,Jazz,UTA,4,204060,Joe Ingles,1610612762.0,Utah,Jazz,UTA,0,0,,,,,,1
0021800808,469,1,6,3,10:41 PM,2:08,,,Jackson 5' Driving Layup (22 PTS) (Holmes 1 AST),65 - 72,7,5,1628367,Josh Jackson,1610612756.0,Phoenix,Suns,PHX,5,1626158,Richaun Holmes,1610612756.0,Phoenix,Suns,PHX,0,0,,,,,,1
0021800808,470,6,2,3,10:41 PM,2:08,Favors S.FOUL (P3.T2) (R.Acosta),,,,,4,202324,Derrick Favors,1610612762.0,Utah,Jazz,UTA,5,1628367,Josh Jackson,1610612756.0,Phoenix,Suns,PHX,1,0,,,,,,1
0021800808,472,8,0,3,10:41 PM,2:08,,,SUB: Evans FOR Okobo,,,5,1629059,Elie Okobo,1610612756.0,Phoenix,Suns,PHX,5,1628393,Jawun Evans,1610612756.0,Phoenix,Suns,PHX,0,0,,,,,,0
0021800808,474,3,10,3,10:42 PM,2:08,,,Jackson Free Throw 1 of 1 (23 PTS),66 - 72,6,5,1628367,Josh Jackson,1610612756.0,Phoenix,Suns,PHX,0,0,,,,,,0,0,,,,,,0
0021800808,476,2,1,3,10:42 PM,1:58,MISS Korver 25' 3PT Jump Shot,,,,,4,2594,Kyle Korver,1610612762.0,Utah,Jazz,UTA,0,0,,,,,,0,0,,,,,,1
0021800808,477,4,0,3,10:42 PM,1:56,,,Evans REBOUND (Off:0 Def:2),,,5,1628393,Jawun Evans,1610612756.0,Phoenix,Suns,PHX,0,0,,,,,,0,0,,,,,,1
0021800808,478,1,52,3,10:42 PM,1:52,,,Holmes 3' Alley Oop Dunk (7 PTS) (Evans 1 AST),68 - 72,4,5,1626158,Richaun Holmes,1610612756.0,Phoenix,Suns,PHX,5,1628393,Jawun Evans,1610612756.0,Phoenix,Suns,PHX,0,0,,,,,,1
0021800808,480,1,102,3,10:42 PM,1:35,Ingles 8' Driving Floating Bank Jump Shot (7 PTS),,,68 - 74,6,4,204060,Joe Ingles,1610612762.0,Utah,Jazz,UTA,0,0,,,,,,0,0,,,,,,1
0021800808,481,2,6,3,10:43 PM,1:24,,,MISS Holmes 5' Driving Layup,,,5,1626158,Richaun Holmes,1610612756.0,Phoenix,Suns,PHX,0,0,,,,,,0,0,,,,,,1
0021800808,482,4,0,3,10:43 PM,1:22,Crowder REBOUND (Off:3 Def:4),,,,,4,203109,Jae Crowder,1610612762.0,Utah,Jazz,UTA,0,0,,,,,,0,0,,,,,,1
0021800808,483,6,2,3,10:43 PM,1:09,,,Jackson S.FOUL (P1.PN) (T.Ford),,,5,1628367,Josh Jackson,1610612756.0,Phoenix,Suns,PHX,4,203109,Jae Crowder,1610612762.0,Utah,Jazz,UTA,1,0,,,,,,1
0021800808,485,3,11,3,10:43 PM,1:09,MISS Crowder Free Throw 1 of 2,,,,,4,203109,Jae Crowder,1610612762.0,Utah,Jazz,UTA,0,0,,,,,,0,0,,,,,,0
0021800808,486,4,1,3,10:43 PM,1:09,JAZZ Rebound,,,,,2,1610612762,,,,,,0,0,,,,,,0,0,,,,,,0
0021800808,487,8,0,3,10:43 PM,1:09,,,SUB: Bridges FOR Jackson,,,5,1628367,Josh Jackson,1610612756.0,Phoenix,Suns,PHX,5,1628969,Mikal Bridges,1610612756.0,Phoenix,Suns,PHX,0,0,,,,,,0
0021800808,489,8,0,3,10:43 PM,1:09,SUB: Neto FOR Korver,,,,,4,2594,Kyle Korver,1610612762.0,Utah,Jazz,UTA,4,203526,Raul Neto,1610612762.0,Utah,Jazz,UTA,0,0,,,,,,0
0021800808,491,3,12,3,10:44 PM,1:09,Crowder Free Throw 2 of 2 (11 PTS),,,68 - 75,7,4,203109,Jae Crowder,1610612762.0,Utah,Jazz,UTA,0,0,,,,,,0,0,,,,,,0
0021800808,492,1,6,3,10:44 PM,0:57,,,Oubre Jr. 2' Driving Layup (12 PTS),70 - 75,5,5,1626162,Kelly Oubre Jr.,1610612756.0,Phoenix,Suns,PHX,0,0,,,,,,0,0,,,,,,1
0021800808,493,6,2,3,10:44 PM,0:57,Crowder S.FOUL (P4.T3) (T.Ford),,,,,4,203109,Jae Crowder,1610612762.0,Utah,Jazz,UTA,5,1626162,Kelly Oubre Jr.,1610612756.0,Phoenix,Suns,PHX,1,0,,,,,,1
0021800808,495,8,0,3,10:44 PM,0:57,SUB: Korver FOR Crowder,,,,,4,203109,Jae Crowder,1610612762.0,Utah,Jazz,UTA,4,2594,Kyle Korver,1610612762.0,Utah,Jazz,UTA,0,0,,,,,,0
0021800808,497,3,10,3,10:45 PM,0:57,,,Oubre Jr. Free Throw 1 of 1 (13 PTS),71 - 75,4,5,1626162,Kelly Oubre Jr.,1610612756.0,Phoenix,Suns,PHX,0,0,,,,,,0,0,,,,,,0
0021800808,498,1,6,3,10:45 PM,0:47,Ingles 4' Driving Layup (9 PTS),,,71 - 77,6,4,204060,Joe Ingles,1610612762.0,Utah,Jazz,UTA,0,0,,,,,,0,0,,,,,,1
0021800808,499,2,79,3,10:45 PM,0:35,,,MISS Evans 14' Pullup Jump Shot,,,5,1628393,Jawun Evans,1610612756.0,Phoenix,Suns,PHX,0,0,,,,,,0,0,,,,,,1
0021800808,500,4,0,3,10:45 PM,0:30,,,Holmes REBOUND (Off:2 Def:2),,,5,1626158,Richaun Holmes,1610612756.0,Phoenix,Suns,PHX,0,0,,,,,,0,0,,,,,,1
0021800808,501,2,1,3,10:45 PM,0:29,,,MISS Oubre Jr. 26' 3PT Jump Shot,,,5,1626162,Kelly Oubre Jr.,1610612756.0,Phoenix,Suns,PHX,0,0,,,,,,0,0,,,,,,1
0021800808,502,4,0,3,10:45 PM,0:27,JAZZ Rebound,,,,,2,1610612762,,,,,,0,0,,,,,,0,0,,,,,,0
0021800808,504,1,108,3,10:46 PM,0:11,Favors 1' Cutting Dunk Shot (10 PTS) (Ingles 9 AST),,,71 - 79,8,4,202324,Derrick Favors,1610612762.0,Utah,Jazz,UTA,4,204060,Joe Ingles,1610612762.0,Utah,Jazz,UTA,0,0,,,,,,1
0021800808,511,5,2,3,10:46 PM,0:01,O'Neale STEAL (2 STL),,Oubre Jr. Lost Ball Turnover (P2.T17),,,5,1626162,Kelly Oubre Jr.,1610612756.0,Phoenix,Suns,PHX,4,1626220,Royce O'Neale,1610612762.0,Utah,Jazz,UTA,0,0,,,,,,1
0021800808,509,2,1,3,10:46 PM,0:00,MISS O'Neale 37' 3PT Jump Shot,,,,,4,1626220,Royce O'Neale,1610612762.0,Utah,Jazz,UTA,0,0,,,,,,0,0,,,,,,1
0021800808,510,4,0,3,10:46 PM,0:00,JAZZ Rebound,,,,,2,1610612762,,,,,,0,0,,,,,,0,0,,,,,,0
0021800808,513,13,0,3,10:47 PM,0:00,,End of 3rd Period (10:47 PM EST),,71 - 79,8,0,0,,,,,,0,0,,,,,,0,0,,,,,,1
0021800808,519,12,0,4,10:49 PM,12:00,,Start of 4th Period (10:49 PM EST),,71 - 79,8,0,0,,,,,,0,0,,,,,,0,0,,,,,,0
0021800808,520,1,7,4,10:49 PM,11:47,Favors 1' Dunk (12 PTS) (Ingles 10 AST),,,71 - 81,10,4,202324,Derrick Favors,1610612762.0,Utah,Jazz,UTA,4,204060,Joe Ingles,1610612762.0,Utah,Jazz,UTA,0,0,,,,,,1
0021800808,522,2,98,4,10:49 PM,11:30,,,MISS Daniels 3' Cutting Layup Shot,,,5,203584,Troy Daniels,1610612756.0,Phoenix,Suns,PHX,0,0,,,,,,0,0,,,,,,1
0021800808,523,4,0,4,10:49 PM,11:26,Favors REBOUND (Off:0 Def:3),,,,,4,202324,Derrick Favors,1610612762.0,Utah,Jazz,UTA,0,0,,,,,,0,0,,,,,,1
0021800808,524,5,1,4,10:49 PM,11:20,O'Neale Bad Pass Turnover (P1.T14),,Oubre Jr. STEAL (1 STL),,,4,1626220,Royce O'Neale,1610612762.0,Utah,Jazz,UTA,5,1626162,Kelly Oubre Jr.,1610612756.0,Phoenix,Suns,PHX,0,0,,,,,,1
0021800808,526,5,1,4,10:50 PM,11:06,Rubio STEAL (3 STL),,Evans Bad Pass Turnover (P1.T18),,,5,1628393,Jawun Evans,1610612756.0,Phoenix,Suns,PHX,4,201937,Ricky Rubio,1610612762.0,Utah,Jazz,UTA,0,0,,,,,,1
0021800808,528,1,1,4,10:50 PM,10:58,O'Neale 25' 3PT Jump Shot (11 PTS) (Neto 2 AST),,,71 - 84,13,4,1626220,Royce O'Neale,1610612762.0,Utah,Jazz,UTA,4,203526,Raul Neto,1610612762.0,Utah,Jazz,UTA,0,0,,,,,,1
0021800808,530,9,1,4,10:50 PM,10:56,,,Suns Timeout: Regular (Reg.4 Short 0),,,3,1610612756,,,,,,0,0,,,,,,0,0,,,,,,0
0021800808,532,8,0,4,10:52 PM,10:56,,,SUB: Okobo FOR Evans,,,5,1628393,Jawun Evans,1610612756.0,Phoenix,Suns,PHX,5,1629059,Elie Okobo,1610612756.0,Phoenix,Suns,PHX,0,0,,,,,,0
0021800808,533,8,0,4,10:52 PM,10:56,,,SUB: Jackson FOR Daniels,,,5,203584,Troy Daniels,1610612756.0,Phoenix,Suns,PHX,5,1628367,Josh Jackson,1610612756.0,Phoenix,Suns,PHX,0,0,,,,,,0
0021800808,536,1,101,4,10:53 PM,10:45,,,Oubre Jr. 7' Driving Floating Jump Shot (15 PTS) (Jackson 5 AST),73 - 84,11,5,1626162,Kelly Oubre Jr.,1610612756.0,Phoenix,Suns,PHX,5,1628367,Josh Jackson,1610612756.0,Phoenix,Suns,PHX,0,0,,,,,,1
0021800808,538,6,2,4,10:53 PM,10:45,O'Neale S.FOUL (P2.T1) (R.Acosta),,,,,4,1626220,Royce O'Neale,1610612762.0,Utah,Jazz,UTA,5,1626162,Kelly Oubre Jr.,1610612756.0,Phoenix,Suns,PHX,1,0,,,,,,1
0021800808,540,3,10,4,10:53 PM,10:45,,,Oubre Jr. Free Throw 1 of 1 (16 PTS),74 - 84,10,5,1626162,Kelly Oubre Jr.,1610612756.0,Phoenix,Suns,PHX,0,0,,,,,,0,0,,,,,,0
0021800808,541,6,1,4,10:54 PM,10:28,,,Bridges P.FOUL (P3.T1) (T.Ford),,,5,1628969,Mikal Bridges,1610612756.0,Phoenix,Suns,PHX,4,201937,Ricky Rubio,1610612762.0,Utah,Jazz,UTA,1,0,,,,,,1
0021800808,543,1,1,4,10:54 PM,10:18,Ingles 26' 3PT Jump Shot (12 PTS) (O'Neale 3 AST),,,74 - 87,13,4,204060,Joe Ingles,1610612762.0,Utah,Jazz,UTA,4,1626220,Royce O'Neale,1610612762.0,Utah,Jazz,UTA,0,0,,,,,,1
0021800808,545,5,1,4,10:54 PM,10:05,Favors STEAL (2 STL),,Okobo Bad Pass Turnover (P3.T19),,,5,1629059,Elie Okobo,1610612756.0,Phoenix,Suns,PHX,4,202324,Derrick Favors,1610612762.0,Utah,Jazz,UTA,0,0,,,,,,1
0021800808,547,2,80,4,10:54 PM,9:54,MISS Favors 12' Step Back Jump Shot,,,,,4,202324,Derrick Favors,1610612762.0,Utah,Jazz,UTA,0,0,,,,,,0,0,,,,,,1
0021800808,548,4,0,4,10:55 PM,9:52,,,Oubre Jr. REBOUND (Off:0 Def:4),,,5,1626162,Kelly Oubre Jr.,1610612756.0,Phoenix,Suns,PHX,0,0,,,,,,0,0,,,,,,1
0021800808,549,1,102,4,10:55 PM,9:35,,,Bridges 9' Driving Floating Bank Jump Shot (9 PTS) (Okobo 4 AST),76 - 87,11,5,1628969,Mikal Bridges,1610612756.0,Phoenix,Suns,PHX,5,1629059,Elie Okobo,1610612756.0,Phoenix,Suns,PHX,0,0,,,,,,1
0021800808,551,1,1,4,10:55 PM,9:24,Ingles 24' 3PT Jump Shot (15 PTS) (Rubio 6 AST),,,76 - 90,14,4,204060,Joe Ingles,1610612762.0,Utah,Jazz,UTA,4,201937,Ricky Rubio,1610612762.0,Utah,Jazz,UTA,0,0,,,,,,1
0021800808,553,1,1,4,10:55 PM,9:01,,,Jackson 14' Jump Shot (25 PTS),78 - 90,12,5,1628367,Josh Jackson,1610612756.0,Phoenix,Suns,PHX,0,0,,,,,,0,0,,,,,,1
0021800808,554,6,2,4,10:56 PM,8:44,,,Holmes S.FOUL (P3.T2) (E.Malloy),,,5,1626158,Richaun Holmes,1610612756.0,Phoenix,Suns,PHX,4,202324,Derrick Favors,1610612762.0,Utah,Jazz,UTA,1,0,,,,,,1
0021800808,556,3,11,4,10:56 PM,8:44,Favors Free Throw 1 of 2 (13 PTS),,,78 - 91,13,4,202324,Derrick Favors,1610612762.0,Utah,Jazz,UTA,0,0,,,,,,0,0,,,,,,0
0021800808,557,8,0,4,10:56 PM,8:44,,,SUB: Ayton FOR Holmes,,,5,1626158,Richaun Holmes,1610612756.0,Phoenix,Suns,PHX,5,1629028,Deandre Ayton,1610612756.0,Phoenix,Suns,PHX,0,0,,,,,,0
0021800808,559,8,0,4,10:56 PM,8:44,SUB: Mitchell FOR Neto,,,,,4,203526,Raul Neto,1610612762.0,Utah,Jazz,UTA,4,1628378,Donovan Mitchell,1610612762.0,Utah,Jazz,UTA,0,0,,,,,,0
0021800808,561,3,12,4,10:57 PM,8:44,Favors Free Throw 2 of 2 (14 PTS),,,78 - 92,14,4,202324,Derrick Favors,1610612762.0,Utah,Jazz,UTA,0,0,,,,,,0,0,,,,,,0
0021800808,562,2,1,4,10:57 PM,8:29,,,MISS Ayton 19' Jump Shot,,,5,1629028,Deandre Ayton,1610612756.0,Phoenix,Suns,PHX,0,0,,,,,,0,0,,,,,,1
0021800808,563,4,0,4,10:57 PM,8:26,Rubio REBOUND (Off:2 Def:5),,,,,4,201937,Ricky Rubio,1610612762.0,Utah,Jazz,UTA,0,0,,,,,,0,0,,,,,,1
0021800808,564,6,1,4,10:57 PM,8:22,,,Jackson P.FOUL (P2.T3) (T.Ford),,,5,1628367,Josh Jackson,1610612756.0,Phoenix,Suns,PHX,4,201937,Ricky Rubio,1610612762.0,Utah,Jazz,UTA,1,0,,,,,,1
0021800808,566,8,0,4,10:57 PM,8:22,SUB: Gobert FOR Favors,,,,,4,202324,Derrick Favors,1610612762.0,Utah,Jazz,UTA,4,203497,Rudy Gobert,1610612762.0,Utah,Jazz,UTA,0,0,,,,,,0
0021800808,568,1,1,4,10:58 PM,8:14,Mitchell 3PT Jump Shot (18 PTS) (O'Neale 4 AST),,,78 - 95,17,4,1628378,Donovan Mitchell,1610612762.0,Utah,Jazz,UTA,4,1626220,Royce O'Neale,1610612762.0,Utah,Jazz,UTA,0,0,,,,,,1
0021800808,570,5,45,4,10:58 PM,7:57,,,Oubre Jr. Out of Bounds - Bad Pass Turnover Turnover (P3.T20),,,5,1626162,Kelly Oubre Jr.,1610612756.0,Phoenix,Suns,PHX,0,0,,,,,,1,0,,,,,,1
0021800808,571,2,1,4,10:58 PM,7:36,MISS Ingles 27' 3PT Jump Shot,,,,,4,204060,Joe Ingles,1610612762.0,Utah,Jazz,UTA,0,0,,,,,,0,0,,,,,,1
0021800808,572,4,0,4,10:58 PM,7:33,Rubio REBOUND (Off:3 Def:5),,,,,4,201937,Ricky Rubio,1610612762.0,Utah,Jazz,UTA,0,0,,,,,,0,0,,,,,,1
0021800808,573,2,6,4,10:59 PM,7:18,MISS Ingles 4' Driving Layup,,,,,4,204060,Joe Ingles,1610612762.0,Utah,Jazz,UTA,0,0,,,,,,0,0,,,,,,1
0021800808,574,4,0,4,10:59 PM,7:18,JAZZ Rebound,,,,,2,1610612762,,,,,,0,0,,,,,,0,0,,,,,,1
0021800808,575,5,11,4,10:59 PM,7:18,JAZZ Turnover: Shot Clock (T#15),,,,,2,1610612762,,,,,,0,0,,,,,,1,0,,,,,,0
0021800808,576,2,6,4,10:59 PM,6:57,Gobert BLOCK (3 BLK),,MISS Oubre Jr. 6' Driving Layup,,,5,1626162,Kelly Oubre Jr.,1610612756.0,Phoenix,Suns,PHX,0,0,,,,,,4,203497,Rudy Gobert,1610612762.0,Utah,Jazz,UTA,1
0021800808,578,4,0,4,10:59 PM,6:55,Mitchell REBOUND (Off:0 Def:3),,,,,4,1628378,Donovan Mitchell,1610612762.0,Utah,Jazz,UTA,0,0,,,,,,0,0,,,,,,1
0021800808,579,6,2,4,10:59 PM,6:54,,,Jackson S.FOUL (P3.T4) (E.Malloy),,,5,1628367,Josh Jackson,1610612756.0,Phoenix,Suns,PHX,4,1626220,Royce O'Neale,1610612762.0,Utah,Jazz,UTA,1,0,,,,,,1
0021800808,581,3,11,4,11:00 PM,6:54,O'Neale Free Throw 1 of 2 (12 PTS),,,78 - 96,18,4,1626220,Royce O'Neale,1610612762.0,Utah,Jazz,UTA,0,0,,,,,,0,0,,,,,,0
0021800808,582,3,12,4,11:00 PM,6:54,O'Neale Free Throw 2 of 2 (13 PTS),,,78 - 97,19,4,1626220,Royce O'Neale,1610612762.0,Utah,Jazz,UTA,0,0,,,,,,0,0,,,,,,0
0021800808,583,9,1,4,11:00 PM,6:49,,,Suns Timeout: Regular (Reg.5 Short 0),,,3,1610612756,,,,,,0,0,,,,,,0,0,,,,,,0
0021800808,584,1,52,4,11:04 PM,6:35,,,Ayton 2' Alley Oop Dunk (14 PTS) (Jackson 6 AST),80 - 97,17,5,1629028,Deandre Ayton,1610612756.0,Phoenix,Suns,PHX,5,1628367,Josh Jackson,1610612756.0,Phoenix,Suns,PHX,0,0,,,,,,1
0021800808,586,1,6,4,11:04 PM,6:18,Mitchell 2' Driving Layup (20 PTS) (Ingles 11 AST),,,80 - 99,19,4,1628378,Donovan Mitchell,1610612762.0,Utah,Jazz,UTA,4,204060,Joe Ingles,1610612762.0,Utah,Jazz,UTA,0,0,,,,,,1
0021800808,588,2,78,4,11:04 PM,5:59,,,MISS Jackson 10' Floating Jump Shot,,,5,1628367,Josh Jackson,1610612756.0,Phoenix,Suns,PHX,0,0,,,,,,0,0,,,,,,1
0021800808,589,4,0,4,11:04 PM,5:57,Rubio REBOUND (Off:3 Def:6),,,,,4,201937,Ricky Rubio,1610612762.0,Utah,Jazz,UTA,0,0,,,,,,0,0,,,,,,1
0021800808,590,6,11,4,11:04 PM,5:55,,,Jackson T.FOUL (P3.T4) (T.Ford),,,5,1628367,Josh Jackson,1610612756.0,Phoenix,Suns,PHX,0,0,,,,,,1,0,,,,,,1
0021800808,591,3,16,4,11:05 PM,5:55,Rubio Free Throw Technical (8 PTS),,,80 - 100,20,4,201937,Ricky Rubio,1610612762.0,Utah,Jazz,UTA,0,0,,,,,,0,0,,,,,,0
0021800808,592,6,2,4,11:05 PM,5:49,,,Ayton S.FOUL (P4.PN) (R.Acosta),,,5,1629028,Deandre Ayton,1610612756.0,Phoenix,Suns,PHX,4,203497,Rudy Gobert,1610612762.0,Utah,Jazz,UTA,1,0,,,,,,1
0021800808,594,3,11,4,11:06 PM,5:49,Gobert Free Throw 1 of 2 (14 PTS),,,80 - 101,21,4,203497,Rudy Gobert,1610612762.0,Utah,Jazz,UTA,0,0,,,,,,0,0,,,,,,0
0021800808,595,3,12,4,11:06 PM,5:49,Gobert Free Throw 2 of 2 (15 PTS),,,80 - 102,22,4,203497,Rudy Gobert,1610612762.0,Utah,Jazz,UTA,0,0,,,,,,0,0,,,,,,0
0021800808,596,5,1,4,11:06 PM,5:33,Gobert STEAL (3 STL),,Okobo Bad Pass Turnover (P4.T21),,,5,1629059,Elie Okobo,1610612756.0,Phoenix,Suns,PHX,4,203497,Rudy Gobert,1610612762.0,Utah,Jazz,UTA,0,0,,,,,,1
0021800808,598,1,6,4,11:06 PM,5:28,O'Neale 3' Driving Layup (15 PTS) (Gobert 1 AST),,,80 - 104,24,4,1626220,Royce O'Neale,1610612762.0,Utah,Jazz,UTA,4,203497,Rudy Gobert,1610612762.0,Utah,Jazz,UTA,0,0,,,,,,1
0021800808,599,7,2,4,11:06 PM,5:28,,,Okobo Violation:Defensive Goaltending (E.Malloy),,,5,1629059,Elie Okobo,1610612756.0,Phoenix,Suns,PHX,0,0,,,,,,1,0,,,,,,1
0021800808,600,1,47,4,11:07 PM,5:07,,,Ayton 17' Turnaround Jump Shot (16 PTS) (Oubre Jr. 3 AST),82 - 104,22,5,1629028,Deandre Ayton,1610612756.0,Phoenix,Suns,PHX,5,1626162,Kelly Oubre Jr.,1610612756.0,Phoenix,Suns,PHX,0,0,,,,,,1
0021800808,602,6,2,4,11:07 PM,4:55,,,Ayton S.FOUL (P5.PN) (T.Ford),,,5,1629028,Deandre Ayton,1610612756.0,Phoenix,Suns,PHX,4,1628378,Donovan Mitchell,1610612762.0,Utah,Jazz,UTA,1,0,,,,,,1
0021800808,604,3,11,4,11:07 PM,4:55,MISS Mitchell Free Throw 1 of 2,,,,,4,1628378,Donovan Mitchell,1610612762.0,Utah,Jazz,UTA,0,0,,,,,,0,0,,,,,,0
0021800808,605,4,1,4,11:07 PM,4:55,JAZZ Rebound,,,,,2,1610612762,,,,,,0,0,,,,,,0,0,,,,,,0
0021800808,606,3,12,4,11:08 PM,4:55,Mitchell Free Throw 2 of 2 (21 PTS),,,82 - 105,23,4,1628378,Donovan Mitchell,1610612762.0,Utah,Jazz,UTA,0,0,,,,,,0,0,,,,,,0
0021800808,607,1,47,4,11:08 PM,4:43,,,Ayton 10' Turnaround Jump Shot (18 PTS) (Jackson 7 AST),84 - 105,21,5,1629028,Deandre Ayton,1610612756.0,Phoenix,Suns,PHX,5,1628367,Josh Jackson,1610612756.0,Phoenix,Suns,PHX,0,0,,,,,,1
0021800808,609,1,6,4,11:08 PM,4:27,Rubio 3' Driving Layup (10 PTS),,,84 - 107,23,4,201937,Ricky Rubio,1610612762.0,Utah,Jazz,UTA,0,0,,,,,,0,0,,,,,,1
0021800808,611,6,2,4,11:08 PM,4:23,Gobert S.FOUL (P1.T2) (T.Ford),,,,,4,203497,Rudy Gobert,1610612762.0,Utah,Jazz,UTA,5,1628367,Josh Jackson,1610612756.0,Phoenix,Suns,PHX,1,0,,,,,,1
0021800808,613,3,11,4,11:09 PM,4:23,,,Jackson Free Throw 1 of 2 (26 PTS),85 - 107,22,5,1628367,Josh Jackson,1610612756.0,Phoenix,Suns,PHX,0,0,,,,,,0,0,,,,,,0
0021800808,614,3,12,4,11:09 PM,4:23,,,Jackson Free Throw 2 of 2 (27 PTS),86 - 107,21,5,1628367,Josh Jackson,1610612756.0,Phoenix,Suns,PHX,0,0,,,,,,0,0,,,,,,0
0021800808,615,5,1,4,11:09 PM,3:58,Rubio Bad Pass Turnover (P5.T16),,Bridges STEAL (2 STL),,,4,201937,Ricky Rubio,1610612762.0,Utah,Jazz,UTA,5,1628969,Mikal Bridges,1610612756.0,Phoenix,Suns,PHX,0,0,,,,,,1
0021800808,617,6,1,4,11:10 PM,3:52,O'Neale P.FOUL (P3.T3) (E.Malloy),,,,,4,1626220,Royce O'Neale,1610612762.0,Utah,Jazz,UTA,5,1629028,Deandre Ayton,1610612756.0,Phoenix,Suns,PHX,1,0,,,,,,1
0021800808,619,2,79,4,11:10 PM,3:46,,,MISS Okobo 26' 3PT Pullup Jump Shot,,,5,1629059,Elie Okobo,1610612756.0,Phoenix,Suns,PHX,0,0,,,,,,0,0,,,,,,1
0021800808,620,4,0,4,11:10 PM,3:43,Gobert REBOUND (Off:4 Def:7),,,,,4,203497,Rudy Gobert,1610612762.0,Utah,Jazz,UTA,0,0,,,,,,0,0,,,,,,1
0021800808,621,1,1,4,11:10 PM,3:32,Rubio 3PT Jump Shot (13 PTS) (Gobert 2 AST),,,86 - 110,24,4,201937,Ricky Rubio,1610612762.0,Utah,Jazz,UTA,4,203497,Rudy Gobert,1610612762.0,Utah,Jazz,UTA,0,0,,,,,,1
0021800808,623,2,47,4,11:11 PM,3:10,,,MISS Ayton 19' Turnaround Jump Shot,,,5,1629028,Deandre Ayton,1610612756.0,Phoenix,Suns,PHX,0,0,,,,,,0,0,,,,,,1
0021800808,624,4,0,4,11:11 PM,3:06,Gobert REBOUND (Off:4 Def:8),,,,,4,203497,Rudy Gobert,1610612762.0,Utah,Jazz,UTA,0,0,,,,,,0,0,,,,,,1
0021800808,625,6,2,4,11:11 PM,2:59,,,Bridges S.FOUL (P4.PN) (T.Ford),,,5,1628969,Mikal Bridges,1610612756.0,Phoenix,Suns,PHX,4,203497,Rudy Gobert,1610612762.0,Utah,Jazz,UTA,1,0,,,,,,1
0021800808,627,3,11,4,11:11 PM,2:59,MISS Gobert Free Throw 1 of 2,,,,,4,203497,Rudy Gobert,1610612762.0,Utah,Jazz,UTA,0,0,,,,,,0,0,,,,,,0
0021800808,628,4,1,4,11:11 PM,2:59,JAZZ Rebound,,,,,2,1610612762,,,,,,0,0,,,,,,0,0,,,,,,0
0021800808,629,8,0,4,11:11 PM,2:59,SUB: Allen FOR Ingles,,,,,4,204060,Joe Ingles,1610612762.0,Utah,Jazz,UTA,4,1628960,Grayson Allen,1610612762.0,Utah,Jazz,UTA,0,0,,,,,,0
0021800808,630,8,0,4,11:11 PM,2:59,SUB: Neto FOR Rubio,,,,,4,201937,Ricky Rubio,1610612762.0,Utah,Jazz,UTA,4,203526,Raul Neto,1610612762.0,Utah,Jazz,UTA,0,0,,,,,,0
0021800808,631,8,0,4,11:11 PM,2:59,SUB: Niang FOR Mitchell,,,,,4,1628378,Donovan Mitchell,1610612762.0,Utah,Jazz,UTA,4,1627777,Georges Niang,1610612762.0,Utah,Jazz,UTA,0,0,,,,,,0
0021800808,632,8,0,4,11:11 PM,2:59,,,SUB: Evans FOR Oubre Jr.,,,5,1626162,Kelly Oubre Jr.,1610612756.0,Phoenix,Suns,PHX,5,1628393,Jawun Evans,1610612756.0,Phoenix,Suns,PHX,0,0,,,,,,0
0021800808,633,8,0,4,11:11 PM,2:59,,,SUB: Bender FOR Jackson,,,5,1628367,Josh Jackson,1610612756.0,Phoenix,Suns,PHX,5,1627733,Dragan Bender,1610612756.0,Phoenix,Suns,PHX,0,0,,,,,,0
0021800808,639,3,12,4,11:12 PM,2:59,Gobert Free Throw 2 of 2 (16 PTS),,,86 - 111,25,4,203497,Rudy Gobert,1610612762.0,Utah,Jazz,UTA,0,0,,,,,,0,0,,,,,,0
0021800808,640,6,28,4,11:12 PM,2:57,Neto Personal Take Foul (P1.T4) (E.Malloy),,,,,4,203526,Raul Neto,1610612762.0,Utah,Jazz,UTA,5,1628393,Jawun Evans,1610612756.0,Phoenix,Suns,PHX,1,0,,,,,,1
0021800808,642,8,0,4,11:12 PM,2:57,SUB: Udoh FOR Gobert,,,,,4,203497,Rudy Gobert,1610612762.0,Utah,Jazz,UTA,4,202327,Ekpe Udoh,1610612762.0,Utah,Jazz,UTA,0,0,,,,,,0
0021800808,644,1,52,4,11:12 PM,2:44,,,Ayton 2' Alley Oop Dunk (20 PTS) (Bridges 2 AST),88 - 111,23,5,1629028,Deandre Ayton,1610612756.0,Phoenix,Suns,PHX,5,1628969,Mikal Bridges,1610612756.0,Phoenix,Suns,PHX,0,0,,,,,,1
0021800808,646,1,47,4,11:13 PM,2:25,Niang 9' Turnaround Jump Shot (2 PTS) (Udoh 1 AST),,,88 - 113,25,4,1627777,Georges Niang,1610612762.0,Utah,Jazz,UTA,4,202327,Ekpe Udoh,1610612762.0,Utah,Jazz,UTA,0,0,,,,,,1
0021800808,648,2,1,4,11:13 PM,2:12,,,MISS Ayton 25' 3PT Jump Shot,,,5,1629028,Deandre Ayton,1610612756.0,Phoenix,Suns,PHX,0,0,,,,,,0,0,,,,,,1
0021800808,649,4,0,4,11:13 PM,2:09,Allen REBOUND (Off:0 Def:1),,,,,4,1628960,Grayson Allen,1610612762.0,Utah,Jazz,UTA,0,0,,,,,,0,0,,,,,,1
0021800808,650,1,5,4,11:13 PM,1:56,Udoh 2' Layup (2 PTS) (Neto 3 AST),,,88 - 115,27,4,202327,Ekpe Udoh,1610612762.0,Utah,Jazz,UTA,4,203526,Raul Neto,1610612762.0,Utah,Jazz,UTA,0,0,,,,,,1
0021800808,652,2,5,4,11:13 PM,1:39,,,MISS Ayton 5' Layup,,,5,1629028,Deandre Ayton,1610612756.0,Phoenix,Suns,PHX,0,0,,,,,,0,0,,,,,,1
0021800808,653,4,0,4,11:13 PM,1:37,Niang REBOUND (Off:0 Def:1),,,,,4,1627777,Georges Niang,1610612762.0,Utah,Jazz,UTA,0,0,,,,,,0,0,,,,,,1
0021800808,654,6,28,4,11:14 PM,1:34,,,Bender Personal Take Foul (P3.PN) (T.Ford),,,5,1627733,Dragan Bender,1610612756.0,Phoenix,Suns,PHX,4,1627777,Georges Niang,1610612762.0,Utah,Jazz,UTA,1,0,,,,,,1
0021800808,656,3,11,4,11:14 PM,1:34,MISS Niang Free Throw 1 of 2,,,,,4,1627777,Georges Niang,1610612762.0,Utah,Jazz,UTA,0,0,,,,,,0,0,,,,,,0
0021800808,657,4,1,4,11:14 PM,1:34,JAZZ Rebound,,,,,2,1610612762,,,,,,0,0,,,,,,0,0,,,,,,0
0021800808,658,8,0,4,11:14 PM,1:34,SUB: Cavanaugh FOR O'Neale,,,,,4,1626220,Royce O'Neale,1610612762.0,Utah,Jazz,UTA,4,1628463,Tyler Cavanaugh,1610612762.0,Utah,Jazz,UTA,0,0,,,,,,0
0021800808,659,8,0,4,11:14 PM,1:34,,,SUB: Holmes FOR Ayton,,,5,1629028,Deandre Ayton,1610612756.0,Phoenix,Suns,PHX,5,1626158,Richaun Holmes,1610612756.0,Phoenix,Suns,PHX,0,0,,,,,,0
0021800808,662,3,12,4,11:14 PM,1:34,Niang Free Throw 2 of 2 (3 PTS),,,88 - 116,28,4,1627777,Georges Niang,1610612762.0,Utah,Jazz,UTA,0,0,,,,,,0,0,,,,,,0
0021800808,663,2,6,4,11:15 PM,1:10,,,MISS Okobo 6' Driving Layup,,,5,1629059,Elie Okobo,1610612756.0,Phoenix,Suns,PHX,0,0,,,,,,0,0,,,,,,1
0021800808,664,4,0,4,11:15 PM,1:09,Udoh REBOUND (Off:0 Def:1),,,,,4,202327,Ekpe Udoh,1610612762.0,Utah,Jazz,UTA,0,0,,,,,,0,0,,,,,,1
0021800808,665,2,102,4,11:15 PM,0:52,MISS Allen 11' Driving Floating Bank Jump Shot,,,,,4,1628960,Grayson Allen,1610612762.0,Utah,Jazz,UTA,0,0,,,,,,0,0,,,,,,1
0021800808,666,4,0,4,11:15 PM,0:49,,,Bender REBOUND (Off:0 Def:5),,,5,1627733,Dragan Bender,1610612756.0,Phoenix,Suns,PHX,0,0,,,,,,0,0,,,,,,1
0021800808,667,5,45,4,11:15 PM,0:30,,,Bridges Out of Bounds - Bad Pass Turnover Turnover (P3.T22),,,5,1628969,Mikal Bridges,1610612756.0,Phoenix,Suns,PHX,0,0,,,,,,1,0,,,,,,1
0021800808,668,2,6,4,11:16 PM,0:18,MISS Neto 3' Driving Layup,,,,,4,203526,Raul Neto,1610612762.0,Utah,Jazz,UTA,0,0,,,,,,0,0,,,,,,1
0021800808,669,4,0,4,11:16 PM,0:16,Udoh REBOUND (Off:1 Def:1),,,,,4,202327,Ekpe Udoh,1610612762.0,Utah,Jazz,UTA,0,0,,,,,,0,0,,,,,,1
0021800808,670,2,1,4,11:16 PM,0:15,MISS Allen 25' 3PT Jump Shot,,,,,4,1628960,Grayson Allen,1610612762.0,Utah,Jazz,UTA,0,0,,,,,,0,0,,,,,,1
0021800808,671,4,0,4,11:16 PM,0:15,,,Okobo REBOUND (Off:0 Def:3),,,5,1629059,Elie Okobo,1610612756.0,Phoenix,Suns,PHX,0,0,,,,,,0,0,,,,,,1
0021800808,672,13,0,4,11:16 PM,0:00,,End of 4th Period (11:16 PM EST),,88 - 116,28,0,0,,,,,,0,0,,,,,,0,0,,,,,,1
