GAME_ID,EVENTNUM,EVENTMSGTYPE,EVENTMSGACTIONTYPE,PERIOD,WCTIMESTRING,PCTIMESTRING,HOMEDESCRIPTION,NEUTRALDESCRIPTION,VISITORDESCRIPTION,SCORE,SCOREMARGIN,PERSON1TYPE,PLAYER1_ID,PLAYER1_NAME,PLAYER1_TEAM_ID,PLAYER1_TEAM_CITY,PLAYER1_TEAM_NICKNAME,PLAYER1_TEAM_ABBREVIATION,PERSON2TYPE,PLAYER2_ID,PLAYER2_NAME,PLAYER2_TEAM_ID,PLAYER2_TEAM_CITY,PLAYER2_TEAM_NICKNAME,PLAYER2_TEAM_ABBREVIATION,PERSON3TYPE,PLAYER3_ID,PLAYER3_NAME,PLAYER3_TEAM_ID,PLAYER3_TEAM_CITY,PLAYER3_TEAM_NICKNAME,PLAYER3_TEAM_ABBREVIATION,VIDEO_AVAILABLE_FLAG
0021900523,2,12,0,1,3:42 PM,12:00,,Start of 1st Period (3:42 PM EST),,,,0,0,,,,,,0,0,,,,,,0,0,,,,,,0
0021900523,4,10,0,1,3:42 PM,12:00,Jump Ball Zubac vs. Jackson Jr.: Tip to Harkless,,,,,4,1627826,Ivica Zubac,1610612746.0,LA,Clippers,LAC,5,1628991,Jaren Jackson Jr.,1610612763.0,Memphis,Grizzlies,MEM,4,203090,Maurice Harkless,1610612746.0,LA,Clippers,LAC,1
0021900523,7,2,6,1,3:42 PM,11:36,MISS Leonard 2' Driving Layup,,,,,4,202695,Kawhi Leonard,1610612746.0,LA,Clippers,LAC,0,0,,,,,,0,0,,,,,,1
0021900523,8,4,0,1,3:42 PM,11:32,Zubac REBOUND (Off:1 Def:0),,,,,4,1627826,Ivica Zubac,1610612746.0,LA,Clippers,LAC,0,0,,,,,,0,0,,,,,,1
0021900523,9,1,97,1,3:42 PM,11:32,Zubac 1' Tip Layup Shot (2 PTS),,,0 - 2,2,4,1627826,Ivica Zubac,1610612746.0,LA,Clippers,LAC,0,0,,,,,,0,0,,,,,,1
0021900523,10,1,1,1,3:42 PM,11:18,,,Crowder 3PT Jump Shot (3 PTS) (Morant 1 AST),3 - 2,-1,5,203109,Jae Crowder,1610612763.0,Memphis,Grizzlies,MEM,5,1629630,Ja Morant,1610612763.0,Memphis,Grizzlies,MEM,0,0,,,,,,1
0021900523,12,6,1,1,3:43 PM,11:10,,,Crowder P.FOUL (P1.T1) (J.Williams),,,5,203109,Jae Crowder,1610612763.0,Memphis,Grizzlies,MEM,4,202695,Kawhi Leonard,1610612746.0,LA,Clippers,LAC,1,0,,,,,,1
0021900523,14,2,79,1,3:43 PM,10:58,MISS Leonard 16' Pullup Jump Shot,,,,,4,202695,Kawhi Leonard,1610612746.0,LA,Clippers,LAC,0,0,,,,,,0,0,,,,,,1
0021900523,15,4,0,1,3:43 PM,10:56,,,Crowder REBOUND (Off:0 Def:1),,,5,203109,Jae Crowder,1610612763.0,Memphis,Grizzlies,MEM,0,0,,,,,,0,0,,,,,,1
0021900523,16,6,1,1,3:43 PM,10:50,Walton Jr. P.FOUL (P1.T1) (J.Tiven),,,,,4,1628476,Derrick Walton Jr.,1610612746.0,LA,Clippers,LAC,5,203109,Jae Crowder,1610612763.0,Memphis,Grizzlies,MEM,1,0,,,,,,1
0021900523,18,6,2,1,3:44 PM,10:41,Zubac S.FOUL (P1.T2) (J.Williams),,,,,4,1627826,Ivica Zubac,1610612746.0,LA,Clippers,LAC,5,1629630,Ja Morant,1610612763.0,Memphis,Grizzlies,MEM,1,0,,,,,,1
0021900523,20,3,11,1,3:44 PM,10:41,,,Morant Free Throw 1 of 2 (1 PTS),4 - 2,-2,5,1629630,Ja Morant,1610612763.0,Memphis,Grizzlies,MEM,0,0,,,,,,0,0,,,,,,1
0021900523,21,3,12,1,3:44 PM,10:41,,,MISS Morant Free Throw 2 of 2,,,5,1629630,Ja Morant,1610612763.0,Memphis,Grizzlies,MEM,0,0,,,,,,0,0,,,,,,1
0021900523,22,4,0,1,3:44 PM,10:36,,,Valanciunas REBOUND (Off:1 Def:0),,,5,202685,Jonas Valančiūnas,1610612763.0,Memphis,Grizzlies,MEM,0,0,,,,,,0,0,,,,,,1
0021900523,23,2,6,1,3:45 PM,10:26,,,MISS Brooks 1' Driving Layup,,,5,1628415,Dillon Brooks,1610612763.0,Memphis,Grizzlies,MEM,0,0,,,,,,0,0,,,,,,1
0021900523,24,4,0,1,3:45 PM,10:24,Zubac REBOUND (Off:1 Def:1),,,,,4,1627826,Ivica Zubac,1610612746.0,LA,Clippers,LAC,0,0,,,,,,0,0,,,,,,1
0021900523,25,1,101,1,3:45 PM,10:16,Shamet 2' Driving Floating Jump Shot (2 PTS),,,4 - 4,TIE,4,1629013,Landry Shamet,1610612746.0,LA,Clippers,LAC,0,0,,,,,,0,0,,,,,,1
0021900523,26,1,79,1,3:45 PM,10:06,,,Brooks 25' 3PT Pullup Jump Shot (3 PTS) (Valanciunas 1 AST),7 - 4,-3,5,1628415,Dillon Brooks,1610612763.0,Memphis,Grizzlies,MEM,5,202685,Jonas Valančiūnas,1610612763.0,Memphis,Grizzlies,MEM,0,0,,,,,,1
0021900523,28,1,1,1,3:45 PM,9:50,Zubac 19' Jump Shot (4 PTS) (Leonard 1 AST),,,7 - 6,-1,4,1627826,Ivica Zubac,1610612746.0,LA,Clippers,LAC,4,202695,Kawhi Leonard,1610612746.0,LA,Clippers,LAC,0,0,,,,,,1
0021900523,30,1,1,1,3:46 PM,9:25,,,Crowder 25' 3PT Jump Shot (6 PTS) (Morant 2 AST),10 - 6,-4,5,203109,Jae Crowder,1610612763.0,Memphis,Grizzlies,MEM,5,1629630,Ja Morant,1610612763.0,Memphis,Grizzlies,MEM,0,0,,,,,,1
0021900523,32,2,1,1,3:46 PM,9:16,MISS Leonard 27' 3PT Jump Shot,,,,,4,202695,Kawhi Leonard,1610612746.0,LA,Clippers,LAC,0,0,,,,,,0,0,,,,,,1
0021900523,33,4,0,1,3:46 PM,9:12,,,Valanciunas REBOUND (Off:1 Def:1),,,5,202685,Jonas Valančiūnas,1610612763.0,Memphis,Grizzlies,MEM,0,0,,,,,,0,0,,,,,,1
0021900523,34,2,1,1,3:46 PM,9:05,,,MISS Valanciunas 27' 3PT Jump Shot,,,5,202685,Jonas Valančiūnas,1610612763.0,Memphis,Grizzlies,MEM,0,0,,,,,,0,0,,,,,,1
0021900523,35,4,0,1,3:46 PM,9:02,Leonard REBOUND (Off:0 Def:1),,,,,4,202695,Kawhi Leonard,1610612746.0,LA,Clippers,LAC,0,0,,,,,,0,0,,,,,,1
0021900523,36,2,79,1,3:46 PM,8:58,MISS Leonard 17' Pullup Jump Shot,,,,,4,202695,Kawhi Leonard,1610612746.0,LA,Clippers,LAC,0,0,,,,,,0,0,,,,,,1
0021900523,37,4,0,1,3:46 PM,8:54,,,Valanciunas REBOUND (Off:1 Def:2),,,5,202685,Jonas Valančiūnas,1610612763.0,Memphis,Grizzlies,MEM,0,0,,,,,,0,0,,,,,,1
0021900523,39,5,2,1,3:46 PM,8:49,,,Brooks Lost Ball Turnover (P1.T1),,,5,1628415,Dillon Brooks,1610612763.0,Memphis,Grizzlies,MEM,0,0,,,,,,0,0,,,,,,1
0021900523,40,6,3,1,3:46 PM,8:49,,,Brooks L.B.FOUL (P1.T2) (E.Dalen),,,5,1628415,Dillon Brooks,1610612763.0,Memphis,Grizzlies,MEM,4,1629013,Landry Shamet,1610612746.0,LA,Clippers,LAC,1,0,,,,,,1
0021900523,42,2,79,1,3:47 PM,8:39,MISS Leonard 14' Pullup Jump Shot,,,,,4,202695,Kawhi Leonard,1610612746.0,LA,Clippers,LAC,0,0,,,,,,0,0,,,,,,1
0021900523,43,4,0,1,3:47 PM,8:36,,,Jackson Jr. REBOUND (Off:0 Def:1),,,5,1628991,Jaren Jackson Jr.,1610612763.0,Memphis,Grizzlies,MEM,0,0,,,,,,0,0,,,,,,1
0021900523,44,2,79,1,3:47 PM,8:30,,,MISS Brooks 25' 3PT Pullup Jump Shot,,,5,1628415,Dillon Brooks,1610612763.0,Memphis,Grizzlies,MEM,0,0,,,,,,0,0,,,,,,1
0021900523,45,4,0,1,3:47 PM,8:27,Leonard REBOUND (Off:0 Def:2),,,,,4,202695,Kawhi Leonard,1610612746.0,LA,Clippers,LAC,0,0,,,,,,0,0,,,,,,1
0021900523,46,2,1,1,3:47 PM,8:22,MISS Shamet 3PT Jump Shot,,,,,4,1629013,Landry Shamet,1610612746.0,LA,Clippers,LAC,0,0,,,,,,0,0,,,,,,1
0021900523,47,4,0,1,3:47 PM,8:17,Zubac REBOUND (Off:2 Def:1),,,,,4,1627826,Ivica Zubac,1610612746.0,LA,Clippers,LAC,0,0,,,,,,0,0,,,,,,1
0021900523,48,2,1,1,3:47 PM,8:15,MISS Harkless 25' 3PT Jump Shot,,,,,4,203090,Maurice Harkless,1610612746.0,LA,Clippers,LAC,0,0,,,,,,0,0,,,,,,1
0021900523,49,4,0,1,3:47 PM,8:11,,,Valanciunas REBOUND (Off:1 Def:3),,,5,202685,Jonas Valančiūnas,1610612763.0,Memphis,Grizzlies,MEM,0,0,,,,,,0,0,,,,,,1
0021900523,50,1,96,1,3:47 PM,8:00,,,Jackson Jr. 4' Turnaround Bank Hook Shot (2 PTS),12 - 6,-6,5,1628991,Jaren Jackson Jr.,1610612763.0,Memphis,Grizzlies,MEM,0,0,,,,,,0,0,,,,,,1
0021900523,51,2,1,1,3:48 PM,7:43,MISS Walton Jr. 26' 3PT Jump Shot,,,,,4,1628476,Derrick Walton Jr.,1610612746.0,LA,Clippers,LAC,0,0,,,,,,0,0,,,,,,1
0021900523,52,4,0,1,3:48 PM,7:43,,,Valanciunas REBOUND (Off:1 Def:4),,,5,202685,Jonas Valančiūnas,1610612763.0,Memphis,Grizzlies,MEM,0,0,,,,,,0,0,,,,,,1
0021900523,53,1,106,1,3:48 PM,7:39,,,Morant 1' Running Alley Oop Dunk Shot (3 PTS) (Crowder 1 AST),14 - 6,-8,5,1629630,Ja Morant,1610612763.0,Memphis,Grizzlies,MEM,5,203109,Jae Crowder,1610612763.0,Memphis,Grizzlies,MEM,0,0,,,,,,1
0021900523,55,6,2,1,3:48 PM,7:19,,,Morant S.FOUL (P1.T3) (E.Dalen),,,5,1629630,Ja Morant,1610612763.0,Memphis,Grizzlies,MEM,4,202695,Kawhi Leonard,1610612746.0,LA,Clippers,LAC,1,0,,,,,,1
0021900523,57,3,11,1,3:49 PM,7:19,Leonard Free Throw 1 of 2 (1 PTS),,,14 - 7,-7,4,202695,Kawhi Leonard,1610612746.0,LA,Clippers,LAC,0,0,,,,,,0,0,,,,,,1
0021900523,58,3,12,1,3:49 PM,7:19,Leonard Free Throw 2 of 2 (2 PTS),,,14 - 8,-6,4,202695,Kawhi Leonard,1610612746.0,LA,Clippers,LAC,0,0,,,,,,0,0,,,,,,1
0021900523,59,6,2,1,3:49 PM,7:11,Harkless S.FOUL (P1.T3) (J.Williams),,,,,4,203090,Maurice Harkless,1610612746.0,LA,Clippers,LAC,5,1629630,Ja Morant,1610612763.0,Memphis,Grizzlies,MEM,1,0,,,,,,1
0021900523,61,3,11,1,3:49 PM,7:11,,,Morant Free Throw 1 of 2 (4 PTS),15 - 8,-7,5,1629630,Ja Morant,1610612763.0,Memphis,Grizzlies,MEM,0,0,,,,,,0,0,,,,,,1
0021900523,62,3,12,1,3:50 PM,7:11,,,Morant Free Throw 2 of 2 (5 PTS),16 - 8,-8,5,1629630,Ja Morant,1610612763.0,Memphis,Grizzlies,MEM,0,0,,,,,,0,0,,,,,,1
0021900523,63,1,6,1,3:50 PM,7:01,Leonard 2' Driving Layup (4 PTS),,,16 - 10,-6,4,202695,Kawhi Leonard,1610612746.0,LA,Clippers,LAC,0,0,,,,,,0,0,,,,,,1
0021900523,64,5,1,1,3:50 PM,6:41,Leonard STEAL (1 STL),,Morant Bad Pass Turnover (P1.T2),,,5,1629630,Ja Morant,1610612763.0,Memphis,Grizzlies,MEM,4,202695,Kawhi Leonard,1610612746.0,LA,Clippers,LAC,0,0,,,,,,1
0021900523,66,1,79,1,3:50 PM,6:29,Shamet 10' Pullup Jump Shot (4 PTS),,,16 - 12,-4,4,1629013,Landry Shamet,1610612746.0,LA,Clippers,LAC,0,0,,,,,,0,0,,,,,,1
0021900523,67,9,1,1,3:51 PM,6:28,,,Grizzlies Timeout: Regular (Reg.1 Short 0),,,3,1610612763,,,,,,0,0,,,,,,0,0,,,,,,0
0021900523,68,8,0,1,3:53 PM,6:28,,,SUB: Clarke FOR Valanciunas,,,5,202685,Jonas Valančiūnas,1610612763.0,Memphis,Grizzlies,MEM,5,1629634,Brandon Clarke,1610612763.0,Memphis,Grizzlies,MEM,0,0,,,,,,0
0021900523,69,8,0,1,3:53 PM,6:28,,,SUB: Jones FOR Morant,,,5,1629630,Ja Morant,1610612763.0,Memphis,Grizzlies,MEM,5,1626145,Tyus Jones,1610612763.0,Memphis,Grizzlies,MEM,0,0,,,,,,0
0021900523,72,1,1,1,3:54 PM,6:14,,,Crowder 28' 3PT Jump Shot (9 PTS) (Jones 1 AST),19 - 12,-7,5,203109,Jae Crowder,1610612763.0,Memphis,Grizzlies,MEM,5,1626145,Tyus Jones,1610612763.0,Memphis,Grizzlies,MEM,0,0,,,,,,1
0021900523,74,2,1,1,3:54 PM,5:57,MISS Shamet 25' 3PT Jump Shot,,,,,4,1629013,Landry Shamet,1610612746.0,LA,Clippers,LAC,0,0,,,,,,0,0,,,,,,1
0021900523,75,4,0,1,3:54 PM,5:54,Harkless REBOUND (Off:1 Def:0),,,,,4,203090,Maurice Harkless,1610612746.0,LA,Clippers,LAC,0,0,,,,,,0,0,,,,,,1
0021900523,76,5,1,1,3:54 PM,5:53,Harkless Bad Pass Turnover (P1.T1),,Jones STEAL (1 STL),,,4,203090,Maurice Harkless,1610612746.0,LA,Clippers,LAC,5,1626145,Tyus Jones,1610612763.0,Memphis,Grizzlies,MEM,0,0,,,,,,1
0021900523,78,1,3,1,3:54 PM,5:43,,,Jackson Jr. 2' Hook Shot (4 PTS) (Crowder 2 AST),21 - 12,-9,5,1628991,Jaren Jackson Jr.,1610612763.0,Memphis,Grizzlies,MEM,5,203109,Jae Crowder,1610612763.0,Memphis,Grizzlies,MEM,0,0,,,,,,1
0021900523,80,2,6,1,3:54 PM,5:28,MISS Leonard 4' Driving Layup,,Jackson Jr. BLOCK (1 BLK),,,4,202695,Kawhi Leonard,1610612746.0,LA,Clippers,LAC,0,0,,,,,,5,1628991,Jaren Jackson Jr.,1610612763.0,Memphis,Grizzlies,MEM,1
0021900523,82,4,0,1,3:54 PM,5:28,,,Grizzlies Rebound,,,3,1610612763,,,,,,0,0,,,,,,0,0,,,,,,0
0021900523,84,8,0,1,3:55 PM,5:28,SUB: Williams FOR Walton Jr.,,,,,4,1628476,Derrick Walton Jr.,1610612746.0,LA,Clippers,LAC,4,101150,Lou Williams,1610612746.0,LA,Clippers,LAC,0,0,,,,,,0
0021900523,86,1,79,1,3:55 PM,5:08,,,Brooks 15' Pullup Jump Shot (5 PTS) (Crowder 3 AST),23 - 12,-11,5,1628415,Dillon Brooks,1610612763.0,Memphis,Grizzlies,MEM,5,203109,Jae Crowder,1610612763.0,Memphis,Grizzlies,MEM,0,0,,,,,,1
0021900523,88,1,41,1,3:55 PM,4:58,Williams 2' Running Layup (2 PTS),,,23 - 14,-9,4,101150,Lou Williams,1610612746.0,LA,Clippers,LAC,0,0,,,,,,0,0,,,,,,1
0021900523,89,1,103,1,3:55 PM,4:52,,,Brooks 26' 3PT Running Pull-Up Jump Shot (8 PTS),26 - 14,-12,5,1628415,Dillon Brooks,1610612763.0,Memphis,Grizzlies,MEM,0,0,,,,,,0,0,,,,,,1
0021900523,90,5,45,1,3:55 PM,4:44,Williams Out of Bounds - Bad Pass Turnover Turnover (P1.T2),,,,,4,101150,Lou Williams,1610612746.0,LA,Clippers,LAC,0,0,,,,,,1,0,,,,,,1
0021900523,91,8,0,1,3:56 PM,4:44,SUB: Green FOR Harkless,,,,,4,203090,Maurice Harkless,1610612746.0,LA,Clippers,LAC,4,203210,JaMychal Green,1610612746.0,LA,Clippers,LAC,0,0,,,,,,0
0021900523,92,8,0,1,3:56 PM,4:44,SUB: Harrell FOR Zubac,,,,,4,1627826,Ivica Zubac,1610612746.0,LA,Clippers,LAC,4,1626149,Montrezl Harrell,1610612746.0,LA,Clippers,LAC,0,0,,,,,,0
0021900523,95,1,1,1,3:56 PM,4:36,,,Jackson Jr. 25' 3PT Jump Shot (7 PTS) (Jones 2 AST),29 - 14,-15,5,1628991,Jaren Jackson Jr.,1610612763.0,Memphis,Grizzlies,MEM,5,1626145,Tyus Jones,1610612763.0,Memphis,Grizzlies,MEM,0,0,,,,,,1
0021900523,97,2,86,1,3:56 PM,4:17,MISS Leonard 11' Turnaround Fadeaway Shot,,,,,4,202695,Kawhi Leonard,1610612746.0,LA,Clippers,LAC,0,0,,,,,,0,0,,,,,,1
0021900523,98,4,0,1,3:56 PM,4:12,,,Clarke REBOUND (Off:0 Def:1),,,5,1629634,Brandon Clarke,1610612763.0,Memphis,Grizzlies,MEM,0,0,,,,,,0,0,,,,,,1
0021900523,99,1,103,1,3:56 PM,4:09,,,Brooks 25' 3PT Running Pull-Up Jump Shot (11 PTS) (Crowder 4 AST),32 - 14,-18,5,1628415,Dillon Brooks,1610612763.0,Memphis,Grizzlies,MEM,5,203109,Jae Crowder,1610612763.0,Memphis,Grizzlies,MEM,0,0,,,,,,1
0021900523,101,1,79,1,3:56 PM,3:57,Leonard 16' Pullup Jump Shot (6 PTS) (Williams 1 AST),,,32 - 16,-16,4,202695,Kawhi Leonard,1610612746.0,LA,Clippers,LAC,4,101150,Lou Williams,1610612746.0,LA,Clippers,LAC,0,0,,,,,,1
0021900523,103,6,2,1,3:57 PM,3:57,,,Brooks S.FOUL (P2.T4) (J.Williams),,,5,1628415,Dillon Brooks,1610612763.0,Memphis,Grizzlies,MEM,4,202695,Kawhi Leonard,1610612746.0,LA,Clippers,LAC,1,0,,,,,,1
0021900523,105,8,0,1,3:57 PM,3:57,,,SUB: Melton FOR Brooks,,,5,1628415,Dillon Brooks,1610612763.0,Memphis,Grizzlies,MEM,5,1629001,De'Anthony Melton,1610612763.0,Memphis,Grizzlies,MEM,0,0,,,,,,0
0021900523,107,3,10,1,3:57 PM,3:57,Leonard Free Throw 1 of 1 (7 PTS),,,32 - 17,-15,4,202695,Kawhi Leonard,1610612746.0,LA,Clippers,LAC,0,0,,,,,,0,0,,,,,,1
0021900523,108,2,1,1,3:57 PM,3:45,,,MISS Crowder 26' 3PT Jump Shot,,,5,203109,Jae Crowder,1610612763.0,Memphis,Grizzlies,MEM,0,0,,,,,,0,0,,,,,,1
0021900523,109,4,0,1,3:57 PM,3:45,Harrell REBOUND (Off:0 Def:1),,,,,4,1626149,Montrezl Harrell,1610612746.0,LA,Clippers,LAC,0,0,,,,,,0,0,,,,,,1
0021900523,110,1,63,1,3:57 PM,3:34,Williams 21' Fadeaway Jumper (4 PTS),,,32 - 19,-13,4,101150,Lou Williams,1610612746.0,LA,Clippers,LAC,0,0,,,,,,0,0,,,,,,1
0021900523,111,1,101,1,3:58 PM,3:25,,,Jones 10' Driving Floating Jump Shot (2 PTS) (Clarke 1 AST),34 - 19,-15,5,1626145,Tyus Jones,1610612763.0,Memphis,Grizzlies,MEM,5,1629634,Brandon Clarke,1610612763.0,Memphis,Grizzlies,MEM,0,0,,,,,,1
0021900523,113,2,6,1,3:58 PM,3:11,MISS Williams 5' Driving Layup,,,,,4,101150,Lou Williams,1610612746.0,LA,Clippers,LAC,0,0,,,,,,0,0,,,,,,1
0021900523,114,4,0,1,3:58 PM,3:11,,,Melton REBOUND (Off:0 Def:1),,,5,1629001,De'Anthony Melton,1610612763.0,Memphis,Grizzlies,MEM,0,0,,,,,,0,0,,,,,,1
0021900523,115,2,1,1,3:58 PM,3:03,,,MISS Melton 25' 3PT Jump Shot,,,5,1629001,De'Anthony Melton,1610612763.0,Memphis,Grizzlies,MEM,0,0,,,,,,0,0,,,,,,1
0021900523,116,4,0,1,3:58 PM,2:58,,,Jackson Jr. REBOUND (Off:1 Def:1),,,5,1628991,Jaren Jackson Jr.,1610612763.0,Memphis,Grizzlies,MEM,0,0,,,,,,0,0,,,,,,1
0021900523,117,2,78,1,3:58 PM,2:57,,,MISS Clarke 7' Floating Jump Shot,,,5,1629634,Brandon Clarke,1610612763.0,Memphis,Grizzlies,MEM,0,0,,,,,,0,0,,,,,,1
0021900523,118,4,0,1,3:58 PM,2:53,Green REBOUND (Off:0 Def:1),,,,,4,203210,JaMychal Green,1610612746.0,LA,Clippers,LAC,0,0,,,,,,0,0,,,,,,1
0021900523,119,1,6,1,3:58 PM,2:47,Harrell 2' Driving Layup (2 PTS),,,34 - 21,-13,4,1626149,Montrezl Harrell,1610612746.0,LA,Clippers,LAC,0,0,,,,,,0,0,,,,,,1
0021900523,120,1,79,1,3:59 PM,2:31,,,Jones 20' Pullup Jump Shot (4 PTS),36 - 21,-15,5,1626145,Tyus Jones,1610612763.0,Memphis,Grizzlies,MEM,0,0,,,,,,0,0,,,,,,1
0021900523,121,9,1,1,3:59 PM,2:31,CLIPPERS Timeout: Regular (Full 1 Short 0),,,,,2,1610612746,,,,,,0,0,,,,,,0,0,,,,,,0
0021900523,122,8,0,1,4:01 PM,2:31,SUB: Robinson FOR Leonard,,,,,4,202695,Kawhi Leonard,1610612746.0,LA,Clippers,LAC,4,1629010,Jerome Robinson,1610612746.0,LA,Clippers,LAC,0,0,,,,,,0
0021900523,123,8,0,1,4:01 PM,2:31,SUB: McGruder FOR Shamet,,,,,4,1629013,Landry Shamet,1610612746.0,LA,Clippers,LAC,4,203585,Rodney McGruder,1610612746.0,LA,Clippers,LAC,0,0,,,,,,0
0021900523,124,8,0,1,4:01 PM,2:31,,,SUB: Anderson FOR Crowder,,,5,203109,Jae Crowder,1610612763.0,Memphis,Grizzlies,MEM,5,203937,Kyle Anderson,1610612763.0,Memphis,Grizzlies,MEM,0,0,,,,,,0
0021900523,128,2,1,1,4:02 PM,2:17,MISS Robinson 26' 3PT Jump Shot,,,,,4,1629010,Jerome Robinson,1610612746.0,LA,Clippers,LAC,0,0,,,,,,0,0,,,,,,1
0021900523,129,4,0,1,4:02 PM,2:15,,,Jones REBOUND (Off:0 Def:1),,,5,1626145,Tyus Jones,1610612763.0,Memphis,Grizzlies,MEM,0,0,,,,,,0,0,,,,,,1
0021900523,130,1,6,1,4:02 PM,2:03,,,Melton 3' Driving Layup (2 PTS),38 - 21,-17,5,1629001,De'Anthony Melton,1610612763.0,Memphis,Grizzlies,MEM,0,0,,,,,,0,0,,,,,,1
0021900523,131,6,2,1,4:02 PM,1:49,,,Anderson S.FOUL (P1.PN) (J.Tiven),,,5,203937,Kyle Anderson,1610612763.0,Memphis,Grizzlies,MEM,4,203585,Rodney McGruder,1610612746.0,LA,Clippers,LAC,1,0,,,,,,1
0021900523,133,3,11,1,4:03 PM,1:49,McGruder Free Throw 1 of 2 (1 PTS),,,38 - 22,-16,4,203585,Rodney McGruder,1610612746.0,LA,Clippers,LAC,0,0,,,,,,0,0,,,,,,1
0021900523,134,3,12,1,4:03 PM,1:49,MISS McGruder Free Throw 2 of 2,,,,,4,203585,Rodney McGruder,1610612746.0,LA,Clippers,LAC,0,0,,,,,,0,0,,,,,,1
0021900523,135,4,0,1,4:03 PM,1:47,,,Anderson REBOUND (Off:0 Def:1),,,5,203937,Kyle Anderson,1610612763.0,Memphis,Grizzlies,MEM,0,0,,,,,,0,0,,,,,,1
0021900523,136,2,1,1,4:03 PM,1:30,,,MISS Clarke 3PT Jump Shot,,,5,1629634,Brandon Clarke,1610612763.0,Memphis,Grizzlies,MEM,0,0,,,,,,0,0,,,,,,1
0021900523,137,4,0,1,4:03 PM,1:26,,,Jackson Jr. REBOUND (Off:2 Def:1),,,5,1628991,Jaren Jackson Jr.,1610612763.0,Memphis,Grizzlies,MEM,0,0,,,,,,0,0,,,,,,1
0021900523,138,2,58,1,4:03 PM,1:18,,,MISS Anderson 4' Turnaround Hook Shot,,,5,203937,Kyle Anderson,1610612763.0,Memphis,Grizzlies,MEM,0,0,,,,,,0,0,,,,,,1
0021900523,139,4,0,1,4:03 PM,1:18,Harrell REBOUND (Off:0 Def:2),,,,,4,1626149,Montrezl Harrell,1610612746.0,LA,Clippers,LAC,0,0,,,,,,0,0,,,,,,1
0021900523,140,6,2,1,4:03 PM,1:12,,,Anderson S.FOUL (P2.PN) (J.Williams),,,5,203937,Kyle Anderson,1610612763.0,Memphis,Grizzlies,MEM,4,1626149,Montrezl Harrell,1610612746.0,LA,Clippers,LAC,1,0,,,,,,1
0021900523,142,3,11,1,4:04 PM,1:12,Harrell Free Throw 1 of 2 (3 PTS),,,38 - 23,-15,4,1626149,Montrezl Harrell,1610612746.0,LA,Clippers,LAC,0,0,,,,,,0,0,,,,,,1
0021900523,147,3,12,1,4:04 PM,1:12,MISS Harrell Free Throw 2 of 2,,,,,4,1626149,Montrezl Harrell,1610612746.0,LA,Clippers,LAC,0,0,,,,,,0,0,,,,,,1
0021900523,143,8,0,1,4:04 PM,1:12,,,SUB: S. Hill FOR Jackson Jr.,,,5,1628991,Jaren Jackson Jr.,1610612763.0,Memphis,Grizzlies,MEM,5,203524,Solomon Hill,1610612763.0,Memphis,Grizzlies,MEM,0,0,,,,,,0
0021900523,144,8,0,1,4:04 PM,1:12,,,SUB: Valanciunas FOR Clarke,,,5,1629634,Brandon Clarke,1610612763.0,Memphis,Grizzlies,MEM,5,202685,Jonas Valančiūnas,1610612763.0,Memphis,Grizzlies,MEM,0,0,,,,,,0
0021900523,148,4,0,1,4:04 PM,1:09,Green REBOUND (Off:1 Def:1),,,,,4,203210,JaMychal Green,1610612746.0,LA,Clippers,LAC,0,0,,,,,,0,0,,,,,,1
0021900523,149,1,78,1,4:04 PM,1:04,Harrell 10' Floating Jump Shot (5 PTS) (Green 1 AST),,,38 - 25,-13,4,1626149,Montrezl Harrell,1610612746.0,LA,Clippers,LAC,4,203210,JaMychal Green,1610612746.0,LA,Clippers,LAC,0,0,,,,,,1
0021900523,151,1,101,1,4:05 PM,0:50,,,Jones 9' Driving Floating Jump Shot (6 PTS) (S. Hill 1 AST),40 - 25,-15,5,1626145,Tyus Jones,1610612763.0,Memphis,Grizzlies,MEM,5,203524,Solomon Hill,1610612763.0,Memphis,Grizzlies,MEM,0,0,,,,,,1
0021900523,153,1,57,1,4:05 PM,0:37,Harrell 5' Driving Hook Shot (7 PTS) (Williams 2 AST),,,40 - 27,-13,4,1626149,Montrezl Harrell,1610612746.0,LA,Clippers,LAC,4,101150,Lou Williams,1610612746.0,LA,Clippers,LAC,0,0,,,,,,1
0021900523,155,2,101,1,4:05 PM,0:29,,,MISS Jones 3' Driving Floating Jump Shot,,,5,1626145,Tyus Jones,1610612763.0,Memphis,Grizzlies,MEM,0,0,,,,,,0,0,,,,,,1
0021900523,156,4,0,1,4:05 PM,0:26,Harrell REBOUND (Off:0 Def:3),,,,,4,1626149,Montrezl Harrell,1610612746.0,LA,Clippers,LAC,0,0,,,,,,0,0,,,,,,1
0021900523,157,5,2,1,4:05 PM,0:23,Harrell Lost Ball Turnover (P1.T3),,Jones STEAL (2 STL),,,4,1626149,Montrezl Harrell,1610612746.0,LA,Clippers,LAC,5,1626145,Tyus Jones,1610612763.0,Memphis,Grizzlies,MEM,0,0,,,,,,1
0021900523,160,6,28,1,4:06 PM,0:07,Williams Personal Take Foul (P1.T4) (J.Williams),,,,,4,101150,Lou Williams,1610612746.0,LA,Clippers,LAC,5,1626145,Tyus Jones,1610612763.0,Memphis,Grizzlies,MEM,1,0,,,,,,1
0021900523,162,2,79,1,4:06 PM,0:03,,,MISS Jones 27' 3PT Pullup Jump Shot,,,5,1626145,Tyus Jones,1610612763.0,Memphis,Grizzlies,MEM,0,0,,,,,,0,0,,,,,,1
0021900523,163,4,0,1,4:06 PM,0:01,,,Anderson REBOUND (Off:1 Def:1),,,5,203937,Kyle Anderson,1610612763.0,Memphis,Grizzlies,MEM,0,0,,,,,,0,0,,,,,,1
0021900523,164,2,72,1,4:06 PM,0:00,Green BLOCK (1 BLK),,MISS Anderson 2' Putback Layup,,,5,203937,Kyle Anderson,1610612763.0,Memphis,Grizzlies,MEM,0,0,,,,,,4,203210,JaMychal Green,1610612746.0,LA,Clippers,LAC,1
0021900523,166,4,0,1,4:06 PM,0:00,,,Grizzlies Rebound,,,3,1610612763,,,,,,0,0,,,,,,0,0,,,,,,0
0021900523,167,13,0,1,4:06 PM,0:00,,End of 1st Period (4:06 PM EST),,40 - 27,-13,0,0,,,,,,0,0,,,,,,0,0,,,,,,1
0021900523,170,12,0,2,4:09 PM,12:00,,Start of 2nd Period (4:09 PM EST),,40 - 27,-13,0,0,,,,,,0,0,,,,,,0,0,,,,,,0
0021900523,171,2,79,2,4:09 PM,11:36,,,MISS Melton 18' Pullup Jump Shot,,,5,1629001,De'Anthony Melton,1610612763.0,Memphis,Grizzlies,MEM,0,0,,,,,,0,0,,,,,,1
0021900523,172,4,0,2,4:09 PM,11:31,Harrell REBOUND (Off:0 Def:4),,,,,4,1626149,Montrezl Harrell,1610612746.0,LA,Clippers,LAC,0,0,,,,,,0,0,,,,,,1
0021900523,173,1,50,2,4:09 PM,11:29,Robinson Running Dunk (2 PTS) (Williams 3 AST),,,40 - 29,-11,4,1629010,Jerome Robinson,1610612746.0,LA,Clippers,LAC,4,101150,Lou Williams,1610612746.0,LA,Clippers,LAC,0,0,,,,,,1
0021900523,175,2,1,2,4:09 PM,11:14,,,MISS Valanciunas 19' Jump Shot,,,5,202685,Jonas Valančiūnas,1610612763.0,Memphis,Grizzlies,MEM,0,0,,,,,,0,0,,,,,,1
0021900523,176,4,0,2,4:10 PM,11:11,McGruder REBOUND (Off:0 Def:1),,,,,4,203585,Rodney McGruder,1610612746.0,LA,Clippers,LAC,0,0,,,,,,0,0,,,,,,1
0021900523,177,6,1,2,4:10 PM,11:08,,,Melton P.FOUL (P1.T1) (J.Williams),,,5,1629001,De'Anthony Melton,1610612763.0,Memphis,Grizzlies,MEM,4,101150,Lou Williams,1610612746.0,LA,Clippers,LAC,1,0,,,,,,1
0021900523,179,2,1,2,4:10 PM,11:02,MISS Robinson 27' 3PT Jump Shot,,,,,4,1629010,Jerome Robinson,1610612746.0,LA,Clippers,LAC,0,0,,,,,,0,0,,,,,,1
0021900523,180,4,0,2,4:10 PM,10:58,,,S. Hill REBOUND (Off:0 Def:1),,,5,203524,Solomon Hill,1610612763.0,Memphis,Grizzlies,MEM,0,0,,,,,,0,0,,,,,,1
0021900523,181,1,80,2,4:10 PM,10:47,,,Morant 27' 3PT Step Back Jump Shot (8 PTS) (S. Hill 2 AST),43 - 29,-14,5,1629630,Ja Morant,1610612763.0,Memphis,Grizzlies,MEM,5,203524,Solomon Hill,1610612763.0,Memphis,Grizzlies,MEM,0,0,,,,,,1
0021900523,183,1,73,2,4:11 PM,10:23,Williams Driving Reverse Layup (6 PTS) (Harrell 1 AST),,,43 - 31,-12,4,101150,Lou Williams,1610612746.0,LA,Clippers,LAC,4,1626149,Montrezl Harrell,1610612746.0,LA,Clippers,LAC,0,0,,,,,,1
0021900523,185,2,1,2,4:11 PM,10:14,,,MISS S. Hill 27' 3PT Jump Shot,,,5,203524,Solomon Hill,1610612763.0,Memphis,Grizzlies,MEM,0,0,,,,,,0,0,,,,,,1
0021900523,186,4,0,2,4:11 PM,10:08,McGruder REBOUND (Off:0 Def:2),,,,,4,203585,Rodney McGruder,1610612746.0,LA,Clippers,LAC,0,0,,,,,,0,0,,,,,,1
0021900523,187,2,41,2,4:11 PM,10:05,MISS Williams 1' Running Layup,,Valanciunas BLOCK (1 BLK),,,4,101150,Lou Williams,1610612746.0,LA,Clippers,LAC,0,0,,,,,,5,202685,Jonas Valančiūnas,1610612763.0,Memphis,Grizzlies,MEM,1
0021900523,189,4,0,2,4:11 PM,10:03,,,Valanciunas REBOUND (Off:1 Def:5),,,5,202685,Jonas Valančiūnas,1610612763.0,Memphis,Grizzlies,MEM,0,0,,,,,,0,0,,,,,,1
0021900523,191,5,45,2,4:11 PM,10:03,,,Valanciunas Out of Bounds - Bad Pass Turnover Turnover (P1.T3),,,5,202685,Jonas Valančiūnas,1610612763.0,Memphis,Grizzlies,MEM,0,0,,,,,,0,0,,,,,,1
0021900523,194,8,0,2,4:12 PM,10:03,,,SUB: Allen FOR Anderson,,,5,203937,Kyle Anderson,1610612763.0,Memphis,Grizzlies,MEM,5,1628960,Grayson Allen,1610612763.0,Memphis,Grizzlies,MEM,0,0,,,,,,0
0021900523,192,6,2,2,4:12 PM,9:58,,,Valanciunas S.FOUL (P1.T2) (J.Tiven),,,5,202685,Jonas Valančiūnas,1610612763.0,Memphis,Grizzlies,MEM,4,1626149,Montrezl Harrell,1610612746.0,LA,Clippers,LAC,1,0,,,,,,1
0021900523,196,3,11,2,4:12 PM,9:58,Harrell Free Throw 1 of 2 (8 PTS),,,43 - 32,-11,4,1626149,Montrezl Harrell,1610612746.0,LA,Clippers,LAC,0,0,,,,,,0,0,,,,,,1
0021900523,197,3,12,2,4:12 PM,9:58,Harrell Free Throw 2 of 2 (9 PTS),,,43 - 33,-10,4,1626149,Montrezl Harrell,1610612746.0,LA,Clippers,LAC,0,0,,,,,,0,0,,,,,,1
0021900523,198,6,2,2,4:13 PM,9:36,McGruder S.FOUL (P1.T1) (E.Dalen),,,,,4,203585,Rodney McGruder,1610612746.0,LA,Clippers,LAC,5,1628960,Grayson Allen,1610612763.0,Memphis,Grizzlies,MEM,1,0,,,,,,1
0021900523,200,3,11,2,4:13 PM,9:36,,,Allen Free Throw 1 of 2 (1 PTS),44 - 33,-11,5,1628960,Grayson Allen,1610612763.0,Memphis,Grizzlies,MEM,0,0,,,,,,0,0,,,,,,1
0021900523,201,3,12,2,4:13 PM,9:36,,,Allen Free Throw 2 of 2 (2 PTS),45 - 33,-12,5,1628960,Grayson Allen,1610612763.0,Memphis,Grizzlies,MEM,0,0,,,,,,0,0,,,,,,1
0021900523,202,2,101,2,4:14 PM,9:29,MISS Williams 4' Driving Floating Jump Shot,,,,,4,101150,Lou Williams,1610612746.0,LA,Clippers,LAC,0,0,,,,,,0,0,,,,,,1
0021900523,203,4,0,2,4:14 PM,9:27,,,Morant REBOUND (Off:0 Def:1),,,5,1629630,Ja Morant,1610612763.0,Memphis,Grizzlies,MEM,0,0,,,,,,0,0,,,,,,1
0021900523,204,6,1,2,4:14 PM,9:16,Williams P.FOUL (P2.T2) (J.Tiven),,,,,4,101150,Lou Williams,1610612746.0,LA,Clippers,LAC,5,202685,Jonas Valančiūnas,1610612763.0,Memphis,Grizzlies,MEM,1,0,,,,,,1
0021900523,206,8,0,2,4:14 PM,9:16,,,SUB: Brooks FOR Melton,,,5,1629001,De'Anthony Melton,1610612763.0,Memphis,Grizzlies,MEM,5,1628415,Dillon Brooks,1610612763.0,Memphis,Grizzlies,MEM,0,0,,,,,,0
0021900523,208,6,26,2,4:15 PM,9:06,,,Morant Offensive Charge Foul (P2.T3) (E.Dalen),,,5,1629630,Ja Morant,1610612763.0,Memphis,Grizzlies,MEM,4,1626149,Montrezl Harrell,1610612746.0,LA,Clippers,LAC,1,0,,,,,,1
0021900523,210,5,37,2,4:15 PM,9:06,,,Morant Offensive Foul Turnover (P2.T4),,,5,1629630,Ja Morant,1610612763.0,Memphis,Grizzlies,MEM,0,0,,,,,,1,0,,,,,,1
0021900523,211,1,63,2,4:15 PM,8:59,Williams 18' Fadeaway Jumper (8 PTS),,,45 - 35,-10,4,101150,Lou Williams,1610612746.0,LA,Clippers,LAC,0,0,,,,,,0,0,,,,,,1
0021900523,212,9,1,2,4:15 PM,8:59,,,Grizzlies Timeout: Regular (Reg.2 Short 0),,,3,1610612763,,,,,,0,0,,,,,,0,0,,,,,,0
0021900523,213,2,63,2,4:18 PM,8:39,,,MISS Brooks 13' Fadeaway Jumper,,,5,1628415,Dillon Brooks,1610612763.0,Memphis,Grizzlies,MEM,0,0,,,,,,0,0,,,,,,1
0021900523,214,4,0,2,4:18 PM,8:39,,,Grizzlies Rebound,,,3,1610612763,,,,,,0,0,,,,,,0,0,,,,,,0
0021900523,215,6,3,2,4:18 PM,8:39,Harrell L.B.FOUL (P1.T3) (J.Williams),,,,,4,1626149,Montrezl Harrell,1610612746.0,LA,Clippers,LAC,5,202685,Jonas Valančiūnas,1610612763.0,Memphis,Grizzlies,MEM,1,0,,,,,,1
0021900523,217,2,1,2,4:19 PM,8:34,,,MISS Morant 25' 3PT Jump Shot,,,5,1629630,Ja Morant,1610612763.0,Memphis,Grizzlies,MEM,0,0,,,,,,0,0,,,,,,1
0021900523,218,4,0,2,4:19 PM,8:29,Green REBOUND (Off:1 Def:2),,,,,4,203210,JaMychal Green,1610612746.0,LA,Clippers,LAC,0,0,,,,,,0,0,,,,,,1
0021900523,219,2,1,2,4:19 PM,8:22,MISS Green 26' 3PT Jump Shot,,,,,4,203210,JaMychal Green,1610612746.0,LA,Clippers,LAC,0,0,,,,,,0,0,,,,,,1
0021900523,220,4,0,2,4:19 PM,8:18,,,Valanciunas REBOUND (Off:1 Def:6),,,5,202685,Jonas Valančiūnas,1610612763.0,Memphis,Grizzlies,MEM,0,0,,,,,,0,0,,,,,,1
0021900523,221,1,1,2,4:19 PM,8:11,,,Brooks 26' 3PT Jump Shot (14 PTS) (Valanciunas 2 AST),48 - 35,-13,5,1628415,Dillon Brooks,1610612763.0,Memphis,Grizzlies,MEM,5,202685,Jonas Valančiūnas,1610612763.0,Memphis,Grizzlies,MEM,0,0,,,,,,1
0021900523,223,1,57,2,4:19 PM,7:57,Harrell 5' Driving Hook Shot (11 PTS) (Williams 4 AST),,,48 - 37,-11,4,1626149,Montrezl Harrell,1610612746.0,LA,Clippers,LAC,4,101150,Lou Williams,1610612746.0,LA,Clippers,LAC,0,0,,,,,,1
0021900523,225,6,2,2,4:19 PM,7:57,,,Valanciunas S.FOUL (P2.T4) (J.Tiven),,,5,202685,Jonas Valančiūnas,1610612763.0,Memphis,Grizzlies,MEM,4,1626149,Montrezl Harrell,1610612746.0,LA,Clippers,LAC,1,0,,,,,,1
0021900523,229,8,0,2,4:20 PM,7:57,SUB: Leonard FOR McGruder,,,,,4,203585,Rodney McGruder,1610612746.0,LA,Clippers,LAC,4,202695,Kawhi Leonard,1610612746.0,LA,Clippers,LAC,0,0,,,,,,0
0021900523,228,3,10,2,4:20 PM,7:57,Harrell Free Throw 1 of 1 (12 PTS),,,48 - 38,-10,4,1626149,Montrezl Harrell,1610612746.0,LA,Clippers,LAC,0,0,,,,,,0,0,,,,,,1
0021900523,232,1,2,2,4:20 PM,7:44,,,Allen 3PT Running Jump Shot (5 PTS) (Morant 3 AST),51 - 38,-13,5,1628960,Grayson Allen,1610612763.0,Memphis,Grizzlies,MEM,5,1629630,Ja Morant,1610612763.0,Memphis,Grizzlies,MEM,0,0,,,,,,1
0021900523,233,1,5,2,4:20 PM,7:44,Leonard 2' Layup (9 PTS) (Williams 5 AST),,,51 - 40,-11,4,202695,Kawhi Leonard,1610612746.0,LA,Clippers,LAC,4,101150,Lou Williams,1610612746.0,LA,Clippers,LAC,0,0,,,,,,1
0021900523,235,6,2,2,4:20 PM,7:44,,,Allen S.FOUL (P1.PN) (E.Dalen),,,5,1628960,Grayson Allen,1610612763.0,Memphis,Grizzlies,MEM,4,202695,Kawhi Leonard,1610612746.0,LA,Clippers,LAC,1,0,,,,,,1
0021900523,237,3,10,2,4:20 PM,7:44,Leonard Free Throw 1 of 1 (10 PTS),,,51 - 41,-10,4,202695,Kawhi Leonard,1610612746.0,LA,Clippers,LAC,0,0,,,,,,0,0,,,,,,1
0021900523,239,5,1,2,4:21 PM,7:24,Leonard STEAL (2 STL),,Allen Bad Pass Turnover (P1.T5),,,5,1628960,Grayson Allen,1610612763.0,Memphis,Grizzlies,MEM,4,202695,Kawhi Leonard,1610612746.0,LA,Clippers,LAC,0,0,,,,,,1
0021900523,241,2,41,2,4:21 PM,7:18,MISS Harrell 2' Running Layup,,Valanciunas BLOCK (2 BLK),,,4,1626149,Montrezl Harrell,1610612746.0,LA,Clippers,LAC,0,0,,,,,,5,202685,Jonas Valančiūnas,1610612763.0,Memphis,Grizzlies,MEM,1
0021900523,243,4,0,2,4:21 PM,7:15,,,Valanciunas REBOUND (Off:1 Def:7),,,5,202685,Jonas Valančiūnas,1610612763.0,Memphis,Grizzlies,MEM,0,0,,,,,,0,0,,,,,,1
0021900523,244,6,1,2,4:21 PM,7:15,Green P.FOUL (P1.T4) (J.Tiven),,,,,4,203210,JaMychal Green,1610612746.0,LA,Clippers,LAC,5,1629630,Ja Morant,1610612763.0,Memphis,Grizzlies,MEM,1,0,,,,,,1
0021900523,246,2,1,2,4:21 PM,7:10,,,MISS S. Hill 25' 3PT Jump Shot,,,5,203524,Solomon Hill,1610612763.0,Memphis,Grizzlies,MEM,0,0,,,,,,0,0,,,,,,1
0021900523,247,4,0,2,4:21 PM,7:06,Harrell REBOUND (Off:0 Def:5),,,,,4,1626149,Montrezl Harrell,1610612746.0,LA,Clippers,LAC,0,0,,,,,,0,0,,,,,,1
0021900523,248,2,1,2,4:22 PM,6:53,MISS Robinson 27' 3PT Jump Shot,,,,,4,1629010,Jerome Robinson,1610612746.0,LA,Clippers,LAC,0,0,,,,,,0,0,,,,,,1
0021900523,249,4,0,2,4:22 PM,6:51,,,Valanciunas REBOUND (Off:1 Def:8),,,5,202685,Jonas Valančiūnas,1610612763.0,Memphis,Grizzlies,MEM,0,0,,,,,,0,0,,,,,,1
0021900523,251,2,103,2,4:22 PM,6:44,,,MISS Brooks 27' 3PT Running Pull-Up Jump Shot,,,5,1628415,Dillon Brooks,1610612763.0,Memphis,Grizzlies,MEM,0,0,,,,,,0,0,,,,,,1
0021900523,252,4,0,2,4:22 PM,6:40,Green REBOUND (Off:1 Def:3),,,,,4,203210,JaMychal Green,1610612746.0,LA,Clippers,LAC,0,0,,,,,,0,0,,,,,,1
0021900523,253,2,5,2,4:22 PM,6:36,MISS Harrell 2' Layup,,,,,4,1626149,Montrezl Harrell,1610612746.0,LA,Clippers,LAC,0,0,,,,,,0,0,,,,,,1
0021900523,254,4,0,2,4:22 PM,6:34,,,Valanciunas REBOUND (Off:1 Def:9),,,5,202685,Jonas Valančiūnas,1610612763.0,Memphis,Grizzlies,MEM,0,0,,,,,,0,0,,,,,,1
0021900523,255,1,101,2,4:22 PM,6:23,,,Morant 4' Driving Floating Jump Shot (10 PTS),53 - 41,-12,5,1629630,Ja Morant,1610612763.0,Memphis,Grizzlies,MEM,0,0,,,,,,0,0,,,,,,1
0021900523,256,2,63,2,4:22 PM,6:11,MISS Williams 13' Fadeaway Jumper,,,,,4,101150,Lou Williams,1610612746.0,LA,Clippers,LAC,0,0,,,,,,0,0,,,,,,1
0021900523,257,4,0,2,4:22 PM,6:11,Harrell REBOUND (Off:1 Def:5),,,,,4,1626149,Montrezl Harrell,1610612746.0,LA,Clippers,LAC,0,0,,,,,,0,0,,,,,,1
0021900523,258,1,72,2,4:22 PM,6:07,Harrell 2' Putback Layup (14 PTS),,,53 - 43,-10,4,1626149,Montrezl Harrell,1610612746.0,LA,Clippers,LAC,0,0,,,,,,0,0,,,,,,1
0021900523,259,2,101,2,4:23 PM,5:55,,,MISS Brooks 4' Driving Floating Jump Shot,,,5,1628415,Dillon Brooks,1610612763.0,Memphis,Grizzlies,MEM,0,0,,,,,,0,0,,,,,,1
0021900523,260,4,0,2,4:23 PM,5:55,Harrell REBOUND (Off:1 Def:6),,,,,4,1626149,Montrezl Harrell,1610612746.0,LA,Clippers,LAC,0,0,,,,,,0,0,,,,,,1
0021900523,261,1,79,2,4:23 PM,5:45,Williams 24' 3PT Pullup Jump Shot (11 PTS),,,53 - 46,-7,4,101150,Lou Williams,1610612746.0,LA,Clippers,LAC,0,0,,,,,,0,0,,,,,,1
0021900523,262,9,1,2,4:23 PM,5:45,,,Grizzlies Timeout: Regular (Reg.3 Short 0),,,3,1610612763,,,,,,0,0,,,,,,0,0,,,,,,0
0021900523,263,8,0,2,4:25 PM,5:45,SUB: Shamet FOR Robinson,,,,,4,1629010,Jerome Robinson,1610612746.0,LA,Clippers,LAC,4,1629013,Landry Shamet,1610612746.0,LA,Clippers,LAC,0,0,,,,,,0
0021900523,264,8,0,2,4:25 PM,5:45,SUB: Harkless FOR Green,,,,,4,203210,JaMychal Green,1610612746.0,LA,Clippers,LAC,4,203090,Maurice Harkless,1610612746.0,LA,Clippers,LAC,0,0,,,,,,0
0021900523,265,8,0,2,4:25 PM,5:45,,,SUB: Crowder FOR Morant,,,5,1629630,Ja Morant,1610612763.0,Memphis,Grizzlies,MEM,5,203109,Jae Crowder,1610612763.0,Memphis,Grizzlies,MEM,0,0,,,,,,0
0021900523,266,8,0,2,4:25 PM,5:45,,,SUB: Jones FOR Valanciunas,,,5,202685,Jonas Valančiūnas,1610612763.0,Memphis,Grizzlies,MEM,5,1626145,Tyus Jones,1610612763.0,Memphis,Grizzlies,MEM,0,0,,,,,,0
0021900523,267,8,0,2,4:25 PM,5:45,,,SUB: Jackson Jr. FOR S. Hill,,,5,203524,Solomon Hill,1610612763.0,Memphis,Grizzlies,MEM,5,1628991,Jaren Jackson Jr.,1610612763.0,Memphis,Grizzlies,MEM,0,0,,,,,,0
0021900523,274,1,1,2,4:26 PM,5:29,,,Jackson Jr. 26' 3PT Jump Shot (10 PTS) (Crowder 5 AST),56 - 46,-10,5,1628991,Jaren Jackson Jr.,1610612763.0,Memphis,Grizzlies,MEM,5,203109,Jae Crowder,1610612763.0,Memphis,Grizzlies,MEM,0,0,,,,,,1
0021900523,276,5,1,2,4:26 PM,5:23,Williams Bad Pass Turnover (P2.T4),,Crowder STEAL (1 STL),,,4,101150,Lou Williams,1610612746.0,LA,Clippers,LAC,5,203109,Jae Crowder,1610612763.0,Memphis,Grizzlies,MEM,0,0,,,,,,1
0021900523,278,6,1,2,4:26 PM,5:23,Williams P.FOUL (P3.PN) (E.Dalen),,,,,4,101150,Lou Williams,1610612746.0,LA,Clippers,LAC,5,203109,Jae Crowder,1610612763.0,Memphis,Grizzlies,MEM,1,0,,,,,,1
0021900523,280,3,11,2,4:27 PM,5:23,,,Crowder Free Throw 1 of 2 (10 PTS),57 - 46,-11,5,203109,Jae Crowder,1610612763.0,Memphis,Grizzlies,MEM,0,0,,,,,,0,0,,,,,,1
0021900523,281,8,0,2,4:27 PM,5:23,SUB: Walton Jr. FOR Williams,,,,,4,101150,Lou Williams,1610612746.0,LA,Clippers,LAC,4,1628476,Derrick Walton Jr.,1610612746.0,LA,Clippers,LAC,0,0,,,,,,0
0021900523,283,3,12,2,4:27 PM,5:23,,,Crowder Free Throw 2 of 2 (11 PTS),58 - 46,-12,5,203109,Jae Crowder,1610612763.0,Memphis,Grizzlies,MEM,0,0,,,,,,0,0,,,,,,1
0021900523,284,2,3,2,4:28 PM,4:58,MISS Harrell 4' Hook Shot,,Jackson Jr. BLOCK (2 BLK),,,4,1626149,Montrezl Harrell,1610612746.0,LA,Clippers,LAC,0,0,,,,,,5,1628991,Jaren Jackson Jr.,1610612763.0,Memphis,Grizzlies,MEM,1
0021900523,286,4,0,2,4:28 PM,4:55,,,Jackson Jr. REBOUND (Off:2 Def:2),,,5,1628991,Jaren Jackson Jr.,1610612763.0,Memphis,Grizzlies,MEM,0,0,,,,,,0,0,,,,,,1
0021900523,287,2,1,2,4:28 PM,4:38,,,MISS Crowder 28' 3PT Jump Shot,,,5,203109,Jae Crowder,1610612763.0,Memphis,Grizzlies,MEM,0,0,,,,,,0,0,,,,,,1
0021900523,288,4,0,2,4:28 PM,4:35,Harkless REBOUND (Off:1 Def:1),,,,,4,203090,Maurice Harkless,1610612746.0,LA,Clippers,LAC,0,0,,,,,,0,0,,,,,,1
0021900523,289,5,1,2,4:28 PM,4:19,Harrell Bad Pass Turnover (P2.T5),,Crowder STEAL (2 STL),,,4,1626149,Montrezl Harrell,1610612746.0,LA,Clippers,LAC,5,203109,Jae Crowder,1610612763.0,Memphis,Grizzlies,MEM,0,0,,,,,,1
0021900523,291,1,98,2,4:28 PM,4:15,,,Jones 2' Cutting Layup Shot (8 PTS) (Crowder 6 AST),60 - 46,-14,5,1626145,Tyus Jones,1610612763.0,Memphis,Grizzlies,MEM,5,203109,Jae Crowder,1610612763.0,Memphis,Grizzlies,MEM,0,0,,,,,,1
0021900523,293,5,1,2,4:29 PM,3:49,Leonard Bad Pass Turnover (P1.T6),,Crowder STEAL (3 STL),,,4,202695,Kawhi Leonard,1610612746.0,LA,Clippers,LAC,5,203109,Jae Crowder,1610612763.0,Memphis,Grizzlies,MEM,0,0,,,,,,1
0021900523,295,2,1,2,4:29 PM,3:43,,,MISS Brooks 27' 3PT Jump Shot,,,5,1628415,Dillon Brooks,1610612763.0,Memphis,Grizzlies,MEM,0,0,,,,,,0,0,,,,,,1
0021900523,296,4,0,2,4:29 PM,3:37,Shamet REBOUND (Off:0 Def:1),,,,,4,1629013,Landry Shamet,1610612746.0,LA,Clippers,LAC,0,0,,,,,,0,0,,,,,,1
0021900523,299,1,80,2,4:29 PM,3:20,Leonard 27' 3PT Step Back Jump Shot (13 PTS),,,60 - 49,-11,4,202695,Kawhi Leonard,1610612746.0,LA,Clippers,LAC,0,0,,,,,,0,0,,,,,,1
0021900523,300,2,6,2,4:29 PM,3:07,,,MISS Brooks 3' Driving Layup,,,5,1628415,Dillon Brooks,1610612763.0,Memphis,Grizzlies,MEM,0,0,,,,,,0,0,,,,,,1
0021900523,301,4,0,2,4:29 PM,3:05,,,Brooks REBOUND (Off:1 Def:0),,,5,1628415,Dillon Brooks,1610612763.0,Memphis,Grizzlies,MEM,0,0,,,,,,0,0,,,,,,1
0021900523,302,6,2,2,4:29 PM,3:03,Walton Jr. S.FOUL (P2.PN) (J.Tiven),,,,,4,1628476,Derrick Walton Jr.,1610612746.0,LA,Clippers,LAC,5,1626145,Tyus Jones,1610612763.0,Memphis,Grizzlies,MEM,1,0,,,,,,1
0021900523,304,3,11,2,4:30 PM,3:03,,,Jones Free Throw 1 of 2 (9 PTS),61 - 49,-12,5,1626145,Tyus Jones,1610612763.0,Memphis,Grizzlies,MEM,0,0,,,,,,0,0,,,,,,1
0021900523,309,3,12,2,4:30 PM,3:03,,,MISS Jones Free Throw 2 of 2,,,5,1626145,Tyus Jones,1610612763.0,Memphis,Grizzlies,MEM,0,0,,,,,,0,0,,,,,,1
0021900523,310,4,0,2,4:30 PM,3:03,Leonard REBOUND (Off:0 Def:3),,,,,4,202695,Kawhi Leonard,1610612746.0,LA,Clippers,LAC,0,0,,,,,,0,0,,,,,,1
0021900523,305,8,0,2,4:30 PM,3:03,SUB: Zubac FOR Harrell,,,,,4,1626149,Montrezl Harrell,1610612746.0,LA,Clippers,LAC,4,1627826,Ivica Zubac,1610612746.0,LA,Clippers,LAC,0,0,,,,,,0
0021900523,306,8,0,2,4:30 PM,3:03,,,SUB: Clarke FOR Allen,,,5,1628960,Grayson Allen,1610612763.0,Memphis,Grizzlies,MEM,5,1629634,Brandon Clarke,1610612763.0,Memphis,Grizzlies,MEM,0,0,,,,,,0
0021900523,311,5,40,2,4:31 PM,2:51,Harkless Out of Bounds Lost Ball Turnover (P2.T7),,,,,4,203090,Maurice Harkless,1610612746.0,LA,Clippers,LAC,0,0,,,,,,1,0,,,,,,1
0021900523,312,2,1,2,4:31 PM,2:39,,,MISS Crowder 3PT Jump Shot,,,5,203109,Jae Crowder,1610612763.0,Memphis,Grizzlies,MEM,0,0,,,,,,0,0,,,,,,1
0021900523,313,4,0,2,4:31 PM,2:34,Harkless REBOUND (Off:1 Def:2),,,,,4,203090,Maurice Harkless,1610612746.0,LA,Clippers,LAC,0,0,,,,,,0,0,,,,,,1
0021900523,314,2,2,2,4:31 PM,2:32,MISS Leonard 5' Running Jump Shot,,Crowder BLOCK (1 BLK),,,4,202695,Kawhi Leonard,1610612746.0,LA,Clippers,LAC,0,0,,,,,,5,203109,Jae Crowder,1610612763.0,Memphis,Grizzlies,MEM,1
0021900523,316,4,0,2,4:31 PM,2:31,CLIPPERS Rebound,,,,,2,1610612746,,,,,,0,0,,,,,,0,0,,,,,,0
0021900523,318,8,0,2,4:31 PM,2:31,SUB: Patterson FOR Harkless,,,,,4,203090,Maurice Harkless,1610612746.0,LA,Clippers,LAC,4,202335,Patrick Patterson,1610612746.0,LA,Clippers,LAC,0,0,,,,,,0
0021900523,319,8,0,2,4:31 PM,2:31,,,SUB: Melton FOR Brooks,,,5,1628415,Dillon Brooks,1610612763.0,Memphis,Grizzlies,MEM,5,1629001,De'Anthony Melton,1610612763.0,Memphis,Grizzlies,MEM,0,0,,,,,,0
0021900523,322,1,1,2,4:32 PM,2:22,Shamet 27' 3PT Jump Shot (7 PTS) (Walton Jr. 1 AST),,,61 - 52,-9,4,1629013,Landry Shamet,1610612746.0,LA,Clippers,LAC,4,1628476,Derrick Walton Jr.,1610612746.0,LA,Clippers,LAC,0,0,,,,,,1
0021900523,324,5,2,2,4:32 PM,2:14,Patterson STEAL (1 STL),,Jackson Jr. Lost Ball Turnover (P1.T6),,,5,1628991,Jaren Jackson Jr.,1610612763.0,Memphis,Grizzlies,MEM,4,202335,Patrick Patterson,1610612746.0,LA,Clippers,LAC,0,0,,,,,,1
0021900523,326,2,1,2,4:32 PM,2:09,MISS Shamet 28' 3PT Jump Shot,,,,,4,1629013,Landry Shamet,1610612746.0,LA,Clippers,LAC,0,0,,,,,,0,0,,,,,,1
0021900523,327,4,0,2,4:32 PM,2:05,,,Crowder REBOUND (Off:0 Def:2),,,5,203109,Jae Crowder,1610612763.0,Memphis,Grizzlies,MEM,0,0,,,,,,0,0,,,,,,1
0021900523,329,8,0,2,4:32 PM,2:02,,,SUB: Morant FOR Jones,,,5,1626145,Tyus Jones,1610612763.0,Memphis,Grizzlies,MEM,5,1629630,Ja Morant,1610612763.0,Memphis,Grizzlies,MEM,0,0,,,,,,0
0021900523,331,2,78,2,4:33 PM,1:52,,,MISS Clarke 9' Floating Jump Shot,,,5,1629634,Brandon Clarke,1610612763.0,Memphis,Grizzlies,MEM,0,0,,,,,,0,0,,,,,,1
0021900523,332,4,0,2,4:33 PM,1:50,,,Crowder REBOUND (Off:1 Def:2),,,5,203109,Jae Crowder,1610612763.0,Memphis,Grizzlies,MEM,0,0,,,,,,0,0,,,,,,1
0021900523,333,2,97,2,4:33 PM,1:49,,,MISS Crowder 1' Tip Layup Shot,,,5,203109,Jae Crowder,1610612763.0,Memphis,Grizzlies,MEM,0,0,,,,,,0,0,,,,,,1
0021900523,334,4,0,2,4:33 PM,1:48,Zubac REBOUND (Off:2 Def:2),,,,,4,1627826,Ivica Zubac,1610612746.0,LA,Clippers,LAC,0,0,,,,,,0,0,,,,,,1
0021900523,335,5,2,2,4:33 PM,1:43,Leonard Lost Ball Turnover (P2.T8),,Melton STEAL (1 STL),,,4,202695,Kawhi Leonard,1610612746.0,LA,Clippers,LAC,5,1629001,De'Anthony Melton,1610612763.0,Memphis,Grizzlies,MEM,0,0,,,,,,1
0021900523,337,2,41,2,4:33 PM,1:37,,,MISS Clarke 3' Running Layup,,,5,1629634,Brandon Clarke,1610612763.0,Memphis,Grizzlies,MEM,0,0,,,,,,0,0,,,,,,1
0021900523,338,4,0,2,4:33 PM,1:34,,,Crowder REBOUND (Off:2 Def:2),,,5,203109,Jae Crowder,1610612763.0,Memphis,Grizzlies,MEM,0,0,,,,,,0,0,,,,,,1
0021900523,339,1,72,2,4:33 PM,1:34,,,Crowder 1' Putback Layup (13 PTS),63 - 52,-11,5,203109,Jae Crowder,1610612763.0,Memphis,Grizzlies,MEM,0,0,,,,,,0,0,,,,,,1
0021900523,340,1,80,2,4:33 PM,1:26,Leonard 27' 3PT Step Back Jump Shot (16 PTS),,,63 - 55,-8,4,202695,Kawhi Leonard,1610612746.0,LA,Clippers,LAC,0,0,,,,,,0,0,,,,,,1
0021900523,341,1,101,2,4:33 PM,1:12,,,Morant 2' Driving Floating Jump Shot (12 PTS),65 - 55,-10,5,1629630,Ja Morant,1610612763.0,Memphis,Grizzlies,MEM,0,0,,,,,,0,0,,,,,,1
0021900523,342,5,40,2,4:33 PM,1:07,Leonard Out of Bounds Lost Ball Turnover (P3.T9),,,,,4,202695,Kawhi Leonard,1610612746.0,LA,Clippers,LAC,0,0,,,,,,1,0,,,,,,1
0021900523,343,2,1,2,4:34 PM,0:47,,,MISS Melton 25' 3PT Jump Shot,,,5,1629001,De'Anthony Melton,1610612763.0,Memphis,Grizzlies,MEM,0,0,,,,,,0,0,,,,,,1
0021900523,344,4,0,2,4:34 PM,0:44,Leonard REBOUND (Off:0 Def:4),,,,,4,202695,Kawhi Leonard,1610612746.0,LA,Clippers,LAC,0,0,,,,,,0,0,,,,,,1
0021900523,345,5,1,2,4:34 PM,0:41,Leonard Bad Pass Turnover (P4.T10),,Melton STEAL (2 STL),,,4,202695,Kawhi Leonard,1610612746.0,LA,Clippers,LAC,5,1629001,De'Anthony Melton,1610612763.0,Memphis,Grizzlies,MEM,0,0,,,,,,1
0021900523,347,2,80,2,4:34 PM,0:34,,,MISS Crowder 16' Step Back Jump Shot,,,5,203109,Jae Crowder,1610612763.0,Memphis,Grizzlies,MEM,0,0,,,,,,0,0,,,,,,1
0021900523,348,4,0,2,4:34 PM,0:31,Zubac REBOUND (Off:2 Def:3),,,,,4,1627826,Ivica Zubac,1610612746.0,LA,Clippers,LAC,0,0,,,,,,0,0,,,,,,1
0021900523,349,1,1,2,4:34 PM,0:11,Leonard 16' Jump Shot (18 PTS),,,65 - 57,-8,4,202695,Kawhi Leonard,1610612746.0,LA,Clippers,LAC,0,0,,,,,,0,0,,,,,,1
0021900523,350,2,1,2,4:35 PM,0:01,,,MISS Morant 26' 3PT Jump Shot,,,5,1629630,Ja Morant,1610612763.0,Memphis,Grizzlies,MEM,0,0,,,,,,0,0,,,,,,1
0021900523,351,4,0,2,4:35 PM,0:01,Zubac REBOUND (Off:2 Def:4),,,,,4,1627826,Ivica Zubac,1610612746.0,LA,Clippers,LAC,0,0,,,,,,0,0,,,,,,1
0021900523,352,13,0,2,4:35 PM,0:00,,End of 2nd Period (4:35 PM EST),,65 - 57,-8,0,0,,,,,,0,0,,,,,,0,0,,,,,,1
0021900523,361,12,0,3,4:51 PM,12:00,,Start of 3rd Period (4:51 PM EST),,65 - 57,-8,0,0,,,,,,0,0,,,,,,0,0,,,,,,0
0021900523,711,6,11,3,4:51 PM,12:00,Leonard T.FOUL (P0.T0) (J.Williams),,,,,4,202695,Kawhi Leonard,1610612746.0,LA,Clippers,LAC,0,0,,,,,,1,0,,,,,,0
0021900523,715,3,16,3,4:51 PM,12:00,,,Melton Free Throw Technical (3 PTS),66 - 57,-9,5,1629001,De'Anthony Melton,1610612763.0,Memphis,Grizzlies,MEM,0,0,,,,,,0,0,,,,,,0
0021900523,720,8,0,3,4:51 PM,12:00,,,SUB: Brooks FOR Melton,,,5,1629001,De'Anthony Melton,1610612763.0,Memphis,Grizzlies,MEM,5,1628415,Dillon Brooks,1610612763.0,Memphis,Grizzlies,MEM,0,0,,,,,,0
0021900523,362,1,1,3,4:51 PM,11:38,,,Valanciunas 20' Jump Shot (2 PTS) (Morant 4 AST),68 - 57,-11,5,202685,Jonas Valančiūnas,1610612763.0,Memphis,Grizzlies,MEM,5,1629630,Ja Morant,1610612763.0,Memphis,Grizzlies,MEM,0,0,,,,,,1
0021900523,364,2,1,3,4:52 PM,11:17,MISS Shamet 26' 3PT Jump Shot,,,,,4,1629013,Landry Shamet,1610612746.0,LA,Clippers,LAC,0,0,,,,,,0,0,,,,,,1
0021900523,365,4,0,3,4:52 PM,11:12,,,Valanciunas REBOUND (Off:1 Def:10),,,5,202685,Jonas Valančiūnas,1610612763.0,Memphis,Grizzlies,MEM,0,0,,,,,,0,0,,,,,,1
0021900523,366,1,98,3,4:52 PM,11:08,,,Valanciunas 1' Cutting Layup Shot (4 PTS) (Brooks 1 AST),70 - 57,-13,5,202685,Jonas Valančiūnas,1610612763.0,Memphis,Grizzlies,MEM,5,1628415,Dillon Brooks,1610612763.0,Memphis,Grizzlies,MEM,0,0,,,,,,1
0021900523,368,2,1,3,4:52 PM,10:50,MISS Leonard 26' 3PT Jump Shot,,,,,4,202695,Kawhi Leonard,1610612746.0,LA,Clippers,LAC,0,0,,,,,,0,0,,,,,,1
0021900523,369,4,0,3,4:52 PM,10:45,,,Morant REBOUND (Off:0 Def:2),,,5,1629630,Ja Morant,1610612763.0,Memphis,Grizzlies,MEM,0,0,,,,,,0,0,,,,,,1
0021900523,370,1,73,3,4:52 PM,10:36,,,Morant 2' Driving Reverse Layup (14 PTS),72 - 57,-15,5,1629630,Ja Morant,1610612763.0,Memphis,Grizzlies,MEM,0,0,,,,,,0,0,,,,,,1
0021900523,371,1,1,3,4:53 PM,10:25,Walton Jr. 26' 3PT Jump Shot (3 PTS) (Leonard 2 AST),,,72 - 60,-12,4,1628476,Derrick Walton Jr.,1610612746.0,LA,Clippers,LAC,4,202695,Kawhi Leonard,1610612746.0,LA,Clippers,LAC,0,0,,,,,,1
0021900523,373,2,1,3,4:53 PM,10:08,,,MISS Crowder 29' 3PT Jump Shot,,,5,203109,Jae Crowder,1610612763.0,Memphis,Grizzlies,MEM,0,0,,,,,,0,0,,,,,,1
0021900523,374,4,0,3,4:53 PM,10:06,Zubac REBOUND (Off:2 Def:5),,,,,4,1627826,Ivica Zubac,1610612746.0,LA,Clippers,LAC,0,0,,,,,,0,0,,,,,,1
0021900523,375,2,79,3,4:53 PM,10:02,MISS Shamet 13' Pullup Jump Shot,,,,,4,1629013,Landry Shamet,1610612746.0,LA,Clippers,LAC,0,0,,,,,,0,0,,,,,,1
0021900523,376,4,0,3,4:53 PM,10:00,Shamet REBOUND (Off:1 Def:1),,,,,4,1629013,Landry Shamet,1610612746.0,LA,Clippers,LAC,0,0,,,,,,0,0,,,,,,1
0021900523,377,2,97,3,4:53 PM,10:00,MISS Shamet 1' Tip Layup Shot,,,,,4,1629013,Landry Shamet,1610612746.0,LA,Clippers,LAC,0,0,,,,,,0,0,,,,,,1
0021900523,378,4,0,3,4:53 PM,10:00,Shamet REBOUND (Off:2 Def:1),,,,,4,1629013,Landry Shamet,1610612746.0,LA,Clippers,LAC,0,0,,,,,,0,0,,,,,,1
0021900523,379,6,1,3,4:53 PM,10:00,,,Jackson Jr. P.FOUL (P1.T1) (J.Tiven),,,5,1628991,Jaren Jackson Jr.,1610612763.0,Memphis,Grizzlies,MEM,4,1629013,Landry Shamet,1610612746.0,LA,Clippers,LAC,1,0,,,,,,1
0021900523,381,1,1,3,4:53 PM,9:51,Zubac 17' Jump Shot (6 PTS) (Walton Jr. 2 AST),,,72 - 62,-10,4,1627826,Ivica Zubac,1610612746.0,LA,Clippers,LAC,4,1628476,Derrick Walton Jr.,1610612746.0,LA,Clippers,LAC,0,0,,,,,,1
0021900523,383,1,5,3,4:54 PM,9:34,,,Brooks 1' Layup (16 PTS) (Valanciunas 3 AST),74 - 62,-12,5,1628415,Dillon Brooks,1610612763.0,Memphis,Grizzlies,MEM,5,202685,Jonas Valančiūnas,1610612763.0,Memphis,Grizzlies,MEM,0,0,,,,,,1
0021900523,384,2,79,3,4:54 PM,9:19,MISS Shamet 8' Pullup Jump Shot,,,,,4,1629013,Landry Shamet,1610612746.0,LA,Clippers,LAC,0,0,,,,,,0,0,,,,,,1
0021900523,385,4,0,3,4:54 PM,9:17,,,Morant REBOUND (Off:0 Def:3),,,5,1629630,Ja Morant,1610612763.0,Memphis,Grizzlies,MEM,0,0,,,,,,0,0,,,,,,1
0021900523,386,1,58,3,4:54 PM,9:11,,,Valanciunas 4' Turnaround Hook Shot (6 PTS) (Morant 5 AST),76 - 62,-14,5,202685,Jonas Valančiūnas,1610612763.0,Memphis,Grizzlies,MEM,5,1629630,Ja Morant,1610612763.0,Memphis,Grizzlies,MEM,0,0,,,,,,1
0021900523,388,6,2,3,4:54 PM,9:11,Leonard S.FOUL (P1.T1) (J.Tiven),,,,,4,202695,Kawhi Leonard,1610612746.0,LA,Clippers,LAC,5,202685,Jonas Valančiūnas,1610612763.0,Memphis,Grizzlies,MEM,1,0,,,,,,1
0021900523,390,3,10,3,4:54 PM,9:11,,,Valanciunas Free Throw 1 of 1 (7 PTS),77 - 62,-15,5,202685,Jonas Valančiūnas,1610612763.0,Memphis,Grizzlies,MEM,0,0,,,,,,0,0,,,,,,1
0021900523,391,6,2,3,4:55 PM,8:55,,,Valanciunas S.FOUL (P3.T2) (E.Dalen),,,5,202685,Jonas Valančiūnas,1610612763.0,Memphis,Grizzlies,MEM,4,202695,Kawhi Leonard,1610612746.0,LA,Clippers,LAC,1,0,,,,,,1
0021900523,393,3,11,3,4:55 PM,8:55,Leonard Free Throw 1 of 2 (19 PTS),,,77 - 63,-14,4,202695,Kawhi Leonard,1610612746.0,LA,Clippers,LAC,0,0,,,,,,0,0,,,,,,1
0021900523,394,3,12,3,4:56 PM,8:55,Leonard Free Throw 2 of 2 (20 PTS),,,77 - 64,-13,4,202695,Kawhi Leonard,1610612746.0,LA,Clippers,LAC,0,0,,,,,,0,0,,,,,,1
0021900523,395,2,101,3,4:56 PM,8:40,,,MISS Brooks 13' Driving Floating Jump Shot,,,5,1628415,Dillon Brooks,1610612763.0,Memphis,Grizzlies,MEM,0,0,,,,,,0,0,,,,,,1
0021900523,396,4,0,3,4:56 PM,8:40,CLIPPERS Rebound,,,,,2,1610612746,,,,,,0,0,,,,,,0,0,,,,,,0
0021900523,399,2,6,3,4:56 PM,8:21,MISS Leonard 2' Driving Layup,,Crowder BLOCK (2 BLK),,,4,202695,Kawhi Leonard,1610612746.0,LA,Clippers,LAC,0,0,,,,,,5,203109,Jae Crowder,1610612763.0,Memphis,Grizzlies,MEM,1
0021900523,401,4,0,3,4:56 PM,8:18,Zubac REBOUND (Off:3 Def:5),,,,,4,1627826,Ivica Zubac,1610612746.0,LA,Clippers,LAC,0,0,,,,,,0,0,,,,,,1
0021900523,402,2,72,3,4:56 PM,8:17,MISS Zubac 3' Putback Layup,,Jackson Jr. BLOCK (3 BLK),,,4,1627826,Ivica Zubac,1610612746.0,LA,Clippers,LAC,0,0,,,,,,5,1628991,Jaren Jackson Jr.,1610612763.0,Memphis,Grizzlies,MEM,1
0021900523,404,4,0,3,4:56 PM,8:13,Zubac REBOUND (Off:4 Def:5),,,,,4,1627826,Ivica Zubac,1610612746.0,LA,Clippers,LAC,0,0,,,,,,0,0,,,,,,1
0021900523,405,2,1,3,4:56 PM,8:11,MISS Walton Jr. 16' Jump Shot,,,,,4,1628476,Derrick Walton Jr.,1610612746.0,LA,Clippers,LAC,0,0,,,,,,0,0,,,,,,1
0021900523,406,4,0,3,4:57 PM,8:08,,,Brooks REBOUND (Off:1 Def:1),,,5,1628415,Dillon Brooks,1610612763.0,Memphis,Grizzlies,MEM,0,0,,,,,,0,0,,,,,,1
0021900523,407,2,6,3,4:57 PM,8:03,,,MISS Valanciunas 13' Driving Layup,,,5,202685,Jonas Valančiūnas,1610612763.0,Memphis,Grizzlies,MEM,0,0,,,,,,0,0,,,,,,1
0021900523,408,4,0,3,4:57 PM,7:58,,,Jackson Jr. REBOUND (Off:3 Def:2),,,5,1628991,Jaren Jackson Jr.,1610612763.0,Memphis,Grizzlies,MEM,0,0,,,,,,0,0,,,,,,1
0021900523,409,6,2,3,4:57 PM,7:58,Harkless S.FOUL (P2.T2) (E.Dalen),,,,,4,203090,Maurice Harkless,1610612746.0,LA,Clippers,LAC,5,1628991,Jaren Jackson Jr.,1610612763.0,Memphis,Grizzlies,MEM,1,0,,,,,,1
0021900523,411,3,11,3,4:57 PM,7:58,,,Jackson Jr. Free Throw 1 of 2 (11 PTS),78 - 64,-14,5,1628991,Jaren Jackson Jr.,1610612763.0,Memphis,Grizzlies,MEM,0,0,,,,,,0,0,,,,,,1
0021900523,412,3,12,3,4:57 PM,7:58,,,Jackson Jr. Free Throw 2 of 2 (12 PTS),79 - 64,-15,5,1628991,Jaren Jackson Jr.,1610612763.0,Memphis,Grizzlies,MEM,0,0,,,,,,0,0,,,,,,1
0021900523,413,2,3,3,4:58 PM,7:45,MISS Zubac 2' Hook Shot,,,,,4,1627826,Ivica Zubac,1610612746.0,LA,Clippers,LAC,0,0,,,,,,0,0,,,,,,1
0021900523,414,4,0,3,4:58 PM,7:42,Zubac REBOUND (Off:5 Def:5),,,,,4,1627826,Ivica Zubac,1610612746.0,LA,Clippers,LAC,0,0,,,,,,0,0,,,,,,1
0021900523,415,1,75,3,4:58 PM,7:36,Leonard 1' Driving Finger Roll Layup (22 PTS),,,79 - 66,-13,4,202695,Kawhi Leonard,1610612746.0,LA,Clippers,LAC,0,0,,,,,,0,0,,,,,,1
0021900523,416,1,76,3,4:58 PM,7:22,,,Morant 1' Running Finger Roll Layup (16 PTS) (Crowder 7 AST),81 - 66,-15,5,1629630,Ja Morant,1610612763.0,Memphis,Grizzlies,MEM,5,203109,Jae Crowder,1610612763.0,Memphis,Grizzlies,MEM,0,0,,,,,,1
0021900523,418,1,73,3,4:58 PM,7:06,Shamet 1' Driving Reverse Layup (9 PTS),,,81 - 68,-13,4,1629013,Landry Shamet,1610612746.0,LA,Clippers,LAC,0,0,,,,,,0,0,,,,,,1
0021900523,419,6,2,3,4:59 PM,7:06,,,Valanciunas S.FOUL (P4.T3) (E.Dalen),,,5,202685,Jonas Valančiūnas,1610612763.0,Memphis,Grizzlies,MEM,4,1629013,Landry Shamet,1610612746.0,LA,Clippers,LAC,1,0,,,,,,1
0021900523,421,3,10,3,4:59 PM,7:06,Shamet Free Throw 1 of 1 (10 PTS),,,81 - 69,-12,4,1629013,Landry Shamet,1610612746.0,LA,Clippers,LAC,0,0,,,,,,0,0,,,,,,1
0021900523,422,5,45,3,4:59 PM,6:52,,,Valanciunas Out of Bounds - Bad Pass Turnover Turnover (P2.T7),,,5,202685,Jonas Valančiūnas,1610612763.0,Memphis,Grizzlies,MEM,0,0,,,,,,1,0,,,,,,1
0021900523,423,9,1,3,4:59 PM,6:52,CLIPPERS Timeout: Regular (Full 2 Short 0),,,,,2,1610612746,,,,,,0,0,,,,,,0,0,,,,,,0
0021900523,426,8,0,3,5:02 PM,6:52,,,SUB: Clarke FOR Valanciunas,,,5,202685,Jonas Valančiūnas,1610612763.0,Memphis,Grizzlies,MEM,5,1629634,Brandon Clarke,1610612763.0,Memphis,Grizzlies,MEM,0,0,,,,,,0
0021900523,428,2,5,3,5:03 PM,6:34,MISS Harkless 4' Layup,,Jackson Jr. BLOCK (4 BLK),,,4,203090,Maurice Harkless,1610612746.0,LA,Clippers,LAC,0,0,,,,,,5,1628991,Jaren Jackson Jr.,1610612763.0,Memphis,Grizzlies,MEM,1
0021900523,430,4,0,3,5:03 PM,6:29,,,Jackson Jr. REBOUND (Off:3 Def:3),,,5,1628991,Jaren Jackson Jr.,1610612763.0,Memphis,Grizzlies,MEM,0,0,,,,,,0,0,,,,,,1
0021900523,431,1,41,3,5:03 PM,6:27,,,Crowder 2' Running Layup (15 PTS) (Brooks 2 AST),83 - 69,-14,5,203109,Jae Crowder,1610612763.0,Memphis,Grizzlies,MEM,5,1628415,Dillon Brooks,1610612763.0,Memphis,Grizzlies,MEM,0,0,,,,,,1
0021900523,432,2,1,3,5:03 PM,6:11,MISS Shamet 26' 3PT Jump Shot,,,,,4,1629013,Landry Shamet,1610612746.0,LA,Clippers,LAC,0,0,,,,,,0,0,,,,,,1
0021900523,433,4,0,3,5:03 PM,6:11,,,Crowder REBOUND (Off:2 Def:3),,,5,203109,Jae Crowder,1610612763.0,Memphis,Grizzlies,MEM,0,0,,,,,,0,0,,,,,,1
0021900523,434,2,2,3,5:03 PM,6:01,,,MISS Jackson Jr. 27' 3PT Running Jump Shot,,,5,1628991,Jaren Jackson Jr.,1610612763.0,Memphis,Grizzlies,MEM,0,0,,,,,,0,0,,,,,,1
0021900523,435,4,0,3,5:03 PM,5:58,,,Crowder REBOUND (Off:3 Def:3),,,5,203109,Jae Crowder,1610612763.0,Memphis,Grizzlies,MEM,0,0,,,,,,0,0,,,,,,1
0021900523,436,1,78,3,5:03 PM,5:56,,,Crowder 2' Floating Jump Shot (17 PTS),85 - 69,-16,5,203109,Jae Crowder,1610612763.0,Memphis,Grizzlies,MEM,0,0,,,,,,0,0,,,,,,1
0021900523,437,1,58,3,5:03 PM,5:47,Zubac 13' Turnaround Hook Shot (8 PTS),,,85 - 71,-14,4,1627826,Ivica Zubac,1610612746.0,LA,Clippers,LAC,0,0,,,,,,0,0,,,,,,1
0021900523,438,2,102,3,5:04 PM,5:29,,,MISS Crowder 3' Driving Floating Bank Jump Shot,,,5,203109,Jae Crowder,1610612763.0,Memphis,Grizzlies,MEM,0,0,,,,,,0,0,,,,,,1
0021900523,439,4,0,3,5:04 PM,5:29,,,Clarke REBOUND (Off:1 Def:1),,,5,1629634,Brandon Clarke,1610612763.0,Memphis,Grizzlies,MEM,0,0,,,,,,0,0,,,,,,1
0021900523,440,2,72,3,5:04 PM,5:25,,,MISS Clarke 2' Putback Layup,,,5,1629634,Brandon Clarke,1610612763.0,Memphis,Grizzlies,MEM,0,0,,,,,,0,0,,,,,,1
0021900523,441,4,0,3,5:04 PM,5:23,Zubac REBOUND (Off:5 Def:6),,,,,4,1627826,Ivica Zubac,1610612746.0,LA,Clippers,LAC,0,0,,,,,,0,0,,,,,,1
0021900523,442,5,6,3,5:04 PM,5:14,Leonard Double Dribble Turnover (P5.T11),,,,,4,202695,Kawhi Leonard,1610612746.0,LA,Clippers,LAC,0,0,,,,,,1,0,,,,,,1
0021900523,443,8,0,3,5:04 PM,5:14,SUB: Harrell FOR Harkless,,,,,4,203090,Maurice Harkless,1610612746.0,LA,Clippers,LAC,4,1626149,Montrezl Harrell,1610612746.0,LA,Clippers,LAC,0,0,,,,,,0
0021900523,444,8,0,3,5:04 PM,5:14,SUB: Green FOR Walton Jr.,,,,,4,1628476,Derrick Walton Jr.,1610612746.0,LA,Clippers,LAC,4,203210,JaMychal Green,1610612746.0,LA,Clippers,LAC,0,0,,,,,,0
0021900523,445,8,0,3,5:04 PM,5:14,SUB: Williams FOR Zubac,,,,,4,1627826,Ivica Zubac,1610612746.0,LA,Clippers,LAC,4,101150,Lou Williams,1610612746.0,LA,Clippers,LAC,0,0,,,,,,0
0021900523,446,8,0,3,5:04 PM,5:14,,,SUB: Jones FOR Morant,,,5,1629630,Ja Morant,1610612763.0,Memphis,Grizzlies,MEM,5,1626145,Tyus Jones,1610612763.0,Memphis,Grizzlies,MEM,0,0,,,,,,0
0021900523,451,2,1,3,5:05 PM,5:05,,,MISS Crowder 25' 3PT Jump Shot,,,5,203109,Jae Crowder,1610612763.0,Memphis,Grizzlies,MEM,0,0,,,,,,0,0,,,,,,1
0021900523,452,4,0,3,5:05 PM,5:02,Leonard REBOUND (Off:0 Def:5),,,,,4,202695,Kawhi Leonard,1610612746.0,LA,Clippers,LAC,0,0,,,,,,0,0,,,,,,1
0021900523,453,1,73,3,5:05 PM,4:54,Williams 2' Driving Reverse Layup (13 PTS) (Harrell 2 AST),,,85 - 73,-12,4,101150,Lou Williams,1610612746.0,LA,Clippers,LAC,4,1626149,Montrezl Harrell,1610612746.0,LA,Clippers,LAC,0,0,,,,,,1
0021900523,455,6,1,3,5:05 PM,4:48,Shamet P.FOUL (P1.T3) (J.Tiven),,,,,4,1629013,Landry Shamet,1610612746.0,LA,Clippers,LAC,5,203109,Jae Crowder,1610612763.0,Memphis,Grizzlies,MEM,1,0,,,,,,1
0021900523,457,6,2,3,5:05 PM,4:42,Harrell S.FOUL (P2.T4) (J.Williams),,,,,4,1626149,Montrezl Harrell,1610612746.0,LA,Clippers,LAC,5,1629634,Brandon Clarke,1610612763.0,Memphis,Grizzlies,MEM,1,0,,,,,,1
0021900523,459,3,11,3,5:06 PM,4:42,,,Clarke Free Throw 1 of 2 (1 PTS),86 - 73,-13,5,1629634,Brandon Clarke,1610612763.0,Memphis,Grizzlies,MEM,0,0,,,,,,0,0,,,,,,1
0021900523,460,8,0,3,5:06 PM,4:42,,,SUB: Melton FOR Brooks,,,5,1628415,Dillon Brooks,1610612763.0,Memphis,Grizzlies,MEM,5,1629001,De'Anthony Melton,1610612763.0,Memphis,Grizzlies,MEM,0,0,,,,,,0
0021900523,462,3,12,3,5:06 PM,4:42,,,Clarke Free Throw 2 of 2 (2 PTS),87 - 73,-14,5,1629634,Brandon Clarke,1610612763.0,Memphis,Grizzlies,MEM,0,0,,,,,,0,0,,,,,,1
0021900523,464,2,5,3,5:06 PM,4:23,MISS Green 4' Layup,,Crowder BLOCK (3 BLK),,,4,203210,JaMychal Green,1610612746.0,LA,Clippers,LAC,0,0,,,,,,5,203109,Jae Crowder,1610612763.0,Memphis,Grizzlies,MEM,1
0021900523,466,4,0,3,5:06 PM,4:20,,,Clarke REBOUND (Off:1 Def:2),,,5,1629634,Brandon Clarke,1610612763.0,Memphis,Grizzlies,MEM,0,0,,,,,,0,0,,,,,,1
0021900523,467,1,2,3,5:07 PM,4:16,,,Crowder 27' 3PT Running Jump Shot (20 PTS) (Melton 1 AST),90 - 73,-17,5,203109,Jae Crowder,1610612763.0,Memphis,Grizzlies,MEM,5,1629001,De'Anthony Melton,1610612763.0,Memphis,Grizzlies,MEM,0,0,,,,,,1
0021900523,469,6,1,3,5:07 PM,4:08,,,Crowder P.FOUL (P2.T4) (E.Dalen),,,5,203109,Jae Crowder,1610612763.0,Memphis,Grizzlies,MEM,4,101150,Lou Williams,1610612746.0,LA,Clippers,LAC,1,0,,,,,,1
0021900523,471,2,1,3,5:07 PM,3:59,MISS Leonard 25' 3PT Jump Shot,,,,,4,202695,Kawhi Leonard,1610612746.0,LA,Clippers,LAC,0,0,,,,,,0,0,,,,,,1
0021900523,472,4,0,3,5:07 PM,3:54,,,Melton REBOUND (Off:0 Def:2),,,5,1629001,De'Anthony Melton,1610612763.0,Memphis,Grizzlies,MEM,0,0,,,,,,0,0,,,,,,1
0021900523,473,6,2,3,5:07 PM,3:54,Shamet S.FOUL (P2.PN) (E.Dalen),,,,,4,1629013,Landry Shamet,1610612746.0,LA,Clippers,LAC,5,203109,Jae Crowder,1610612763.0,Memphis,Grizzlies,MEM,1,0,,,,,,1
0021900523,475,3,11,3,5:08 PM,3:54,,,Crowder Free Throw 1 of 2 (21 PTS),91 - 73,-18,5,203109,Jae Crowder,1610612763.0,Memphis,Grizzlies,MEM,0,0,,,,,,0,0,,,,,,1
0021900523,476,8,0,3,5:08 PM,3:54,SUB: McGruder FOR Shamet,,,,,4,1629013,Landry Shamet,1610612746.0,LA,Clippers,LAC,4,203585,Rodney McGruder,1610612746.0,LA,Clippers,LAC,0,0,,,,,,0
0021900523,478,3,12,3,5:08 PM,3:54,,,MISS Crowder Free Throw 2 of 2,,,5,203109,Jae Crowder,1610612763.0,Memphis,Grizzlies,MEM,0,0,,,,,,0,0,,,,,,1
0021900523,479,4,0,3,5:08 PM,3:51,Leonard REBOUND (Off:0 Def:6),,,,,4,202695,Kawhi Leonard,1610612746.0,LA,Clippers,LAC,0,0,,,,,,0,0,,,,,,1
0021900523,480,2,1,3,5:08 PM,3:42,MISS Leonard 20' Jump Shot,,,,,4,202695,Kawhi Leonard,1610612746.0,LA,Clippers,LAC,0,0,,,,,,0,0,,,,,,1
0021900523,481,4,0,3,5:08 PM,3:38,,,Clarke REBOUND (Off:1 Def:3),,,5,1629634,Brandon Clarke,1610612763.0,Memphis,Grizzlies,MEM,0,0,,,,,,0,0,,,,,,1
0021900523,482,2,6,3,5:09 PM,3:25,,,MISS Melton 3' Driving Layup,,,5,1629001,De'Anthony Melton,1610612763.0,Memphis,Grizzlies,MEM,0,0,,,,,,0,0,,,,,,1
0021900523,483,4,0,3,5:09 PM,3:23,McGruder REBOUND (Off:0 Def:3),,,,,4,203585,Rodney McGruder,1610612746.0,LA,Clippers,LAC,0,0,,,,,,0,0,,,,,,1
0021900523,484,1,5,3,5:09 PM,3:19,Harrell 3' Layup (16 PTS) (Williams 6 AST),,,91 - 75,-16,4,1626149,Montrezl Harrell,1610612746.0,LA,Clippers,LAC,4,101150,Lou Williams,1610612746.0,LA,Clippers,LAC,0,0,,,,,,1
0021900523,486,6,1,3,5:09 PM,3:19,,,Jackson Jr. P.FOUL (P2.PN) (E.Dalen),,,5,1628991,Jaren Jackson Jr.,1610612763.0,Memphis,Grizzlies,MEM,4,1626149,Montrezl Harrell,1610612746.0,LA,Clippers,LAC,1,0,,,,,,1
0021900523,488,3,10,3,5:09 PM,3:19,MISS Harrell Free Throw 1 of 1,,,,,4,1626149,Montrezl Harrell,1610612746.0,LA,Clippers,LAC,0,0,,,,,,0,0,,,,,,1
0021900523,489,4,0,3,5:09 PM,3:17,,,Crowder REBOUND (Off:3 Def:4),,,5,203109,Jae Crowder,1610612763.0,Memphis,Grizzlies,MEM,0,0,,,,,,0,0,,,,,,1
0021900523,490,2,101,3,5:09 PM,3:06,,,MISS Melton 2' Driving Floating Jump Shot,,,5,1629001,De'Anthony Melton,1610612763.0,Memphis,Grizzlies,MEM,0,0,,,,,,0,0,,,,,,1
0021900523,491,4,0,3,5:09 PM,3:06,,,Melton REBOUND (Off:1 Def:2),,,5,1629001,De'Anthony Melton,1610612763.0,Memphis,Grizzlies,MEM,0,0,,,,,,0,0,,,,,,1
0021900523,492,6,1,3,5:10 PM,3:06,Harrell P.FOUL (P3.PN) (J.Williams),,,,,4,1626149,Montrezl Harrell,1610612746.0,LA,Clippers,LAC,5,1629001,De'Anthony Melton,1610612763.0,Memphis,Grizzlies,MEM,1,0,,,,,,1
0021900523,494,3,11,3,5:10 PM,3:06,,,Melton Free Throw 1 of 2 (4 PTS),92 - 75,-17,5,1629001,De'Anthony Melton,1610612763.0,Memphis,Grizzlies,MEM,0,0,,,,,,0,0,,,,,,1
0021900523,495,3,12,3,5:10 PM,3:06,,,Melton Free Throw 2 of 2 (5 PTS),93 - 75,-18,5,1629001,De'Anthony Melton,1610612763.0,Memphis,Grizzlies,MEM,0,0,,,,,,0,0,,,,,,1
0021900523,496,2,101,3,5:10 PM,2:59,MISS Williams 4' Driving Floating Jump Shot,,,,,4,101150,Lou Williams,1610612746.0,LA,Clippers,LAC,0,0,,,,,,0,0,,,,,,1
0021900523,497,4,0,3,5:10 PM,2:57,Williams REBOUND (Off:1 Def:0),,,,,4,101150,Lou Williams,1610612746.0,LA,Clippers,LAC,0,0,,,,,,0,0,,,,,,1
0021900523,498,1,72,3,5:10 PM,2:57,Williams 1' Putback Layup (15 PTS),,,93 - 77,-16,4,101150,Lou Williams,1610612746.0,LA,Clippers,LAC,0,0,,,,,,0,0,,,,,,1
0021900523,499,9,1,3,5:11 PM,2:49,,,Grizzlies Timeout: Regular (Reg.4 Short 0),,,3,1610612763,,,,,,0,0,,,,,,0,0,,,,,,0
0021900523,502,2,1,3,5:14 PM,2:34,,,MISS Melton 26' 3PT Jump Shot,,,5,1629001,De'Anthony Melton,1610612763.0,Memphis,Grizzlies,MEM,0,0,,,,,,0,0,,,,,,1
0021900523,503,4,0,3,5:14 PM,2:31,McGruder REBOUND (Off:0 Def:4),,,,,4,203585,Rodney McGruder,1610612746.0,LA,Clippers,LAC,0,0,,,,,,0,0,,,,,,1
0021900523,504,6,1,3,5:14 PM,2:30,,,Jackson Jr. P.FOUL (P3.PN) (J.Williams),,,5,1628991,Jaren Jackson Jr.,1610612763.0,Memphis,Grizzlies,MEM,4,1626149,Montrezl Harrell,1610612746.0,LA,Clippers,LAC,1,0,,,,,,1
0021900523,506,3,11,3,5:14 PM,2:30,Harrell Free Throw 1 of 2 (17 PTS),,,93 - 78,-15,4,1626149,Montrezl Harrell,1610612746.0,LA,Clippers,LAC,0,0,,,,,,0,0,,,,,,1
0021900523,507,3,12,3,5:14 PM,2:30,MISS Harrell Free Throw 2 of 2,,,,,4,1626149,Montrezl Harrell,1610612746.0,LA,Clippers,LAC,0,0,,,,,,0,0,,,,,,1
0021900523,508,4,0,3,5:14 PM,2:26,,,Crowder REBOUND (Off:3 Def:5),,,5,203109,Jae Crowder,1610612763.0,Memphis,Grizzlies,MEM,0,0,,,,,,0,0,,,,,,1
0021900523,509,2,102,3,5:15 PM,2:13,,,MISS Jones 2' Driving Floating Bank Jump Shot,,,5,1626145,Tyus Jones,1610612763.0,Memphis,Grizzlies,MEM,0,0,,,,,,0,0,,,,,,1
0021900523,510,4,0,3,5:15 PM,2:11,Leonard REBOUND (Off:0 Def:7),,,,,4,202695,Kawhi Leonard,1610612746.0,LA,Clippers,LAC,0,0,,,,,,0,0,,,,,,1
0021900523,512,1,6,3,5:15 PM,1:59,Harrell 2' Driving Layup (19 PTS) (Leonard 3 AST),,,93 - 80,-13,4,1626149,Montrezl Harrell,1610612746.0,LA,Clippers,LAC,4,202695,Kawhi Leonard,1610612746.0,LA,Clippers,LAC,0,0,,,,,,1
0021900523,514,1,78,3,5:16 PM,1:42,,,Clarke 9' Floating Jump Shot (4 PTS) (Melton 2 AST),95 - 80,-15,5,1629634,Brandon Clarke,1610612763.0,Memphis,Grizzlies,MEM,5,1629001,De'Anthony Melton,1610612763.0,Memphis,Grizzlies,MEM,0,0,,,,,,1
0021900523,517,8,0,3,5:16 PM,1:29,,,SUB: Valanciunas FOR Jackson Jr.,,,5,1628991,Jaren Jackson Jr.,1610612763.0,Memphis,Grizzlies,MEM,5,202685,Jonas Valančiūnas,1610612763.0,Memphis,Grizzlies,MEM,0,0,,,,,,0
0021900523,519,2,79,3,5:16 PM,1:19,MISS Leonard 11' Pullup Jump Shot,,,,,4,202695,Kawhi Leonard,1610612746.0,LA,Clippers,LAC,0,0,,,,,,0,0,,,,,,1
0021900523,520,4,0,3,5:16 PM,1:15,,,Clarke REBOUND (Off:1 Def:4),,,5,1629634,Brandon Clarke,1610612763.0,Memphis,Grizzlies,MEM,0,0,,,,,,0,0,,,,,,1
0021900523,521,1,1,3,5:17 PM,1:04,,,Crowder 27' 3PT Jump Shot (24 PTS) (Melton 3 AST),98 - 80,-18,5,203109,Jae Crowder,1610612763.0,Memphis,Grizzlies,MEM,5,1629001,De'Anthony Melton,1610612763.0,Memphis,Grizzlies,MEM,0,0,,,,,,1
0021900523,523,2,57,3,5:17 PM,0:51,MISS Harrell 3' Driving Hook Shot,,Valanciunas BLOCK (3 BLK),,,4,1626149,Montrezl Harrell,1610612746.0,LA,Clippers,LAC,0,0,,,,,,5,202685,Jonas Valančiūnas,1610612763.0,Memphis,Grizzlies,MEM,1
0021900523,525,4,0,3,5:17 PM,0:48,,,Clarke REBOUND (Off:1 Def:5),,,5,1629634,Brandon Clarke,1610612763.0,Memphis,Grizzlies,MEM,0,0,,,,,,0,0,,,,,,1
0021900523,526,1,2,3,5:17 PM,0:45,,,Melton 3PT Running Jump Shot (8 PTS) (Jones 3 AST),101 - 80,-21,5,1629001,De'Anthony Melton,1610612763.0,Memphis,Grizzlies,MEM,5,1626145,Tyus Jones,1610612763.0,Memphis,Grizzlies,MEM,0,0,,,,,,1
0021900523,528,2,1,3,5:17 PM,0:23,MISS Leonard 26' 3PT Jump Shot,,,,,4,202695,Kawhi Leonard,1610612746.0,LA,Clippers,LAC,0,0,,,,,,0,0,,,,,,1
0021900523,529,4,0,3,5:17 PM,0:21,,,Melton REBOUND (Off:1 Def:3),,,5,1629001,De'Anthony Melton,1610612763.0,Memphis,Grizzlies,MEM,0,0,,,,,,0,0,,,,,,1
0021900523,530,1,1,3,5:18 PM,0:02,,,Crowder 26' 3PT Jump Shot (27 PTS) (Jones 4 AST),104 - 80,-24,5,203109,Jae Crowder,1610612763.0,Memphis,Grizzlies,MEM,5,1626145,Tyus Jones,1610612763.0,Memphis,Grizzlies,MEM,0,0,,,,,,1
0021900523,532,2,79,3,5:18 PM,0:00,MISS Leonard 28' 3PT Pullup Jump Shot,,,,,4,202695,Kawhi Leonard,1610612746.0,LA,Clippers,LAC,0,0,,,,,,0,0,,,,,,1
0021900523,533,4,0,3,5:18 PM,0:00,CLIPPERS Rebound,,,,,2,1610612746,,,,,,0,0,,,,,,0,0,,,,,,0
0021900523,534,13,0,3,5:18 PM,0:00,,End of 3rd Period (5:18 PM EST),,104 - 80,-24,0,0,,,,,,0,0,,,,,,0,0,,,,,,1
0021900523,543,12,0,4,5:21 PM,12:00,,Start of 4th Period (5:21 PM EST),,104 - 80,-24,0,0,,,,,,0,0,,,,,,0,0,,,,,,0
0021900523,544,2,6,4,5:21 PM,11:54,MISS Harrell 3' Driving Layup,,,,,4,1626149,Montrezl Harrell,1610612746.0,LA,Clippers,LAC,0,0,,,,,,0,0,,,,,,1
0021900523,545,4,0,4,5:21 PM,11:53,,,Valanciunas REBOUND (Off:1 Def:11),,,5,202685,Jonas Valančiūnas,1610612763.0,Memphis,Grizzlies,MEM,0,0,,,,,,0,0,,,,,,1
0021900523,546,6,2,4,5:21 PM,11:43,McGruder S.FOUL (P2.T1) (J.Tiven),,,,,4,203585,Rodney McGruder,1610612746.0,LA,Clippers,LAC,5,1629630,Ja Morant,1610612763.0,Memphis,Grizzlies,MEM,1,0,,,,,,1
0021900523,548,3,11,4,5:21 PM,11:43,,,Morant Free Throw 1 of 2 (17 PTS),105 - 80,-25,5,1629630,Ja Morant,1610612763.0,Memphis,Grizzlies,MEM,0,0,,,,,,0,0,,,,,,1
0021900523,549,3,12,4,5:21 PM,11:43,,,Morant Free Throw 2 of 2 (18 PTS),106 - 80,-26,5,1629630,Ja Morant,1610612763.0,Memphis,Grizzlies,MEM,0,0,,,,,,0,0,,,,,,1
0021900523,550,1,63,4,5:22 PM,11:34,Williams 16' Fadeaway Jumper (17 PTS) (Green 2 AST),,,106 - 82,-24,4,101150,Lou Williams,1610612746.0,LA,Clippers,LAC,4,203210,JaMychal Green,1610612746.0,LA,Clippers,LAC,0,0,,,,,,1
0021900523,552,2,1,4,5:22 PM,11:13,,,MISS S. Hill 3PT Jump Shot,,,5,203524,Solomon Hill,1610612763.0,Memphis,Grizzlies,MEM,0,0,,,,,,0,0,,,,,,1
0021900523,553,4,0,4,5:22 PM,11:09,McGruder REBOUND (Off:0 Def:5),,,,,4,203585,Rodney McGruder,1610612746.0,LA,Clippers,LAC,0,0,,,,,,0,0,,,,,,1
0021900523,554,2,1,4,5:22 PM,11:01,MISS Williams 27' 3PT Jump Shot,,,,,4,101150,Lou Williams,1610612746.0,LA,Clippers,LAC,0,0,,,,,,0,0,,,,,,1
0021900523,555,4,0,4,5:22 PM,10:59,,,Melton REBOUND (Off:1 Def:4),,,5,1629001,De'Anthony Melton,1610612763.0,Memphis,Grizzlies,MEM,0,0,,,,,,0,0,,,,,,1
0021900523,556,1,101,4,5:22 PM,10:47,,,Morant 10' Driving Floating Jump Shot (20 PTS),108 - 82,-26,5,1629630,Ja Morant,1610612763.0,Memphis,Grizzlies,MEM,0,0,,,,,,0,0,,,,,,1
0021900523,557,2,1,4,5:23 PM,10:32,MISS McGruder 26' 3PT Jump Shot,,,,,4,203585,Rodney McGruder,1610612746.0,LA,Clippers,LAC,0,0,,,,,,0,0,,,,,,1
0021900523,558,4,0,4,5:23 PM,10:28,Robinson REBOUND (Off:1 Def:0),,,,,4,1629010,Jerome Robinson,1610612746.0,LA,Clippers,LAC,0,0,,,,,,0,0,,,,,,1
0021900523,559,2,98,4,5:23 PM,10:26,MISS McGruder 2' Cutting Layup Shot,,,,,4,203585,Rodney McGruder,1610612746.0,LA,Clippers,LAC,0,0,,,,,,0,0,,,,,,1
0021900523,560,4,0,4,5:23 PM,10:24,,,Melton REBOUND (Off:1 Def:5),,,5,1629001,De'Anthony Melton,1610612763.0,Memphis,Grizzlies,MEM,0,0,,,,,,0,0,,,,,,1
0021900523,561,2,101,4,5:23 PM,10:17,,,MISS Allen 7' Driving Floating Jump Shot,,,5,1628960,Grayson Allen,1610612763.0,Memphis,Grizzlies,MEM,0,0,,,,,,0,0,,,,,,1
0021900523,562,4,0,4,5:23 PM,10:13,Robinson REBOUND (Off:1 Def:1),,,,,4,1629010,Jerome Robinson,1610612746.0,LA,Clippers,LAC,0,0,,,,,,0,0,,,,,,1
0021900523,564,8,0,4,5:23 PM,10:11,SUB: Leonard FOR Green,,,,,4,203210,JaMychal Green,1610612746.0,LA,Clippers,LAC,4,202695,Kawhi Leonard,1610612746.0,LA,Clippers,LAC,0,0,,,,,,0
0021900523,566,1,102,4,5:24 PM,10:02,Harrell 6' Driving Floating Bank Jump Shot (21 PTS),,,108 - 84,-24,4,1626149,Montrezl Harrell,1610612746.0,LA,Clippers,LAC,0,0,,,,,,0,0,,,,,,1
0021900523,567,1,57,4,5:24 PM,9:41,,,Valanciunas 2' Driving Hook Shot (9 PTS) (Melton 4 AST),110 - 84,-26,5,202685,Jonas Valančiūnas,1610612763.0,Memphis,Grizzlies,MEM,5,1629001,De'Anthony Melton,1610612763.0,Memphis,Grizzlies,MEM,0,0,,,,,,1
0021900523,569,6,2,4,5:24 PM,9:25,,,Valanciunas S.FOUL (P5.T1) (J.Tiven),,,5,202685,Jonas Valančiūnas,1610612763.0,Memphis,Grizzlies,MEM,4,1626149,Montrezl Harrell,1610612746.0,LA,Clippers,LAC,1,0,,,,,,1
0021900523,571,6,16,4,5:24 PM,9:25,,"Double Technical - Harrell, Valanciunas (J.Williams)",,,,4,1626149,Montrezl Harrell,1610612746.0,LA,Clippers,LAC,5,202685,Jonas Valančiūnas,1610612763.0,Memphis,Grizzlies,MEM,1,0,,,,,,1
0021900523,573,3,11,4,5:25 PM,9:25,Harrell Free Throw 1 of 2 (22 PTS),,,110 - 85,-25,4,1626149,Montrezl Harrell,1610612746.0,LA,Clippers,LAC,0,0,,,,,,0,0,,,,,,1
0021900523,578,3,12,4,5:25 PM,9:25,MISS Harrell Free Throw 2 of 2,,,,,4,1626149,Montrezl Harrell,1610612746.0,LA,Clippers,LAC,0,0,,,,,,0,0,,,,,,1
0021900523,574,8,0,4,5:25 PM,9:25,SUB: Shamet FOR McGruder,,,,,4,203585,Rodney McGruder,1610612746.0,LA,Clippers,LAC,4,1629013,Landry Shamet,1610612746.0,LA,Clippers,LAC,0,0,,,,,,0
0021900523,575,8,0,4,5:25 PM,9:25,,,SUB: Jackson Jr. FOR Valanciunas,,,5,202685,Jonas Valančiūnas,1610612763.0,Memphis,Grizzlies,MEM,5,1628991,Jaren Jackson Jr.,1610612763.0,Memphis,Grizzlies,MEM,0,0,,,,,,0
0021900523,579,4,0,4,5:25 PM,9:23,,,Melton REBOUND (Off:1 Def:6),,,5,1629001,De'Anthony Melton,1610612763.0,Memphis,Grizzlies,MEM,0,0,,,,,,0,0,,,,,,1
0021900523,580,6,1,4,5:26 PM,9:15,Robinson P.FOUL (P1.T2) (J.Williams),,,,,4,1629010,Jerome Robinson,1610612746.0,LA,Clippers,LAC,5,1629001,De'Anthony Melton,1610612763.0,Memphis,Grizzlies,MEM,1,0,,,,,,1
0021900523,582,8,0,4,5:26 PM,9:15,,,SUB: Brooks FOR Melton,,,5,1629001,De'Anthony Melton,1610612763.0,Memphis,Grizzlies,MEM,5,1628415,Dillon Brooks,1610612763.0,Memphis,Grizzlies,MEM,0,0,,,,,,0
0021900523,584,2,79,4,5:26 PM,9:06,,,MISS Brooks 16' Pullup Jump Shot,,,5,1628415,Dillon Brooks,1610612763.0,Memphis,Grizzlies,MEM,0,0,,,,,,0,0,,,,,,1
0021900523,585,4,0,4,5:26 PM,9:04,Shamet REBOUND (Off:2 Def:2),,,,,4,1629013,Landry Shamet,1610612746.0,LA,Clippers,LAC,0,0,,,,,,0,0,,,,,,1
0021900523,586,2,6,4,5:26 PM,8:59,MISS Williams 3' Driving Layup,,,,,4,101150,Lou Williams,1610612746.0,LA,Clippers,LAC,0,0,,,,,,0,0,,,,,,1
0021900523,588,1,107,4,5:26 PM,8:54,Harrell 1' Tip Dunk Shot (24 PTS),,,110 - 87,-23,4,1626149,Montrezl Harrell,1610612746.0,LA,Clippers,LAC,0,0,,,,,,0,0,,,,,,1
0021900523,587,4,0,4,5:26 PM,8:54,Harrell REBOUND (Off:2 Def:6),,,,,4,1626149,Montrezl Harrell,1610612746.0,LA,Clippers,LAC,0,0,,,,,,0,0,,,,,,1
0021900523,589,2,79,4,5:26 PM,8:43,,,MISS Brooks 17' Pullup Jump Shot,,,5,1628415,Dillon Brooks,1610612763.0,Memphis,Grizzlies,MEM,0,0,,,,,,0,0,,,,,,1
0021900523,590,4,0,4,5:26 PM,8:40,CLIPPERS Rebound,,,,,2,1610612746,,,,,,0,0,,,,,,0,0,,,,,,0
0021900523,592,2,1,4,5:27 PM,8:25,MISS Robinson 24' 3PT Jump Shot,,,,,4,1629010,Jerome Robinson,1610612746.0,LA,Clippers,LAC,0,0,,,,,,0,0,,,,,,1
0021900523,593,4,0,4,5:27 PM,8:22,CLIPPERS Rebound,,,,,2,1610612746,,,,,,0,0,,,,,,0,0,,,,,,0
0021900523,595,1,96,4,5:27 PM,8:13,Harrell 6' Turnaround Bank Hook Shot (26 PTS),,,110 - 89,-21,4,1626149,Montrezl Harrell,1610612746.0,LA,Clippers,LAC,0,0,,,,,,0,0,,,,,,1
0021900523,596,9,1,4,5:27 PM,8:13,,,Grizzlies Timeout: Regular (Reg.5 Short 0),,,3,1610612763,,,,,,0,0,,,,,,0,0,,,,,,0
0021900523,597,2,1,4,5:31 PM,7:49,,,MISS Morant 25' 3PT Jump Shot,,,5,1629630,Ja Morant,1610612763.0,Memphis,Grizzlies,MEM,0,0,,,,,,0,0,,,,,,1
0021900523,598,4,0,4,5:31 PM,7:47,Harrell REBOUND (Off:2 Def:7),,,,,4,1626149,Montrezl Harrell,1610612746.0,LA,Clippers,LAC,0,0,,,,,,0,0,,,,,,1
0021900523,599,2,1,4,5:31 PM,7:37,MISS Shamet 24' 3PT Jump Shot,,,,,4,1629013,Landry Shamet,1610612746.0,LA,Clippers,LAC,0,0,,,,,,0,0,,,,,,1
0021900523,600,4,0,4,5:31 PM,7:33,Leonard REBOUND (Off:1 Def:7),,,,,4,202695,Kawhi Leonard,1610612746.0,LA,Clippers,LAC,0,0,,,,,,0,0,,,,,,1
0021900523,601,1,97,4,5:31 PM,7:30,Leonard 2' Tip Layup Shot (24 PTS),,,110 - 91,-19,4,202695,Kawhi Leonard,1610612746.0,LA,Clippers,LAC,0,0,,,,,,0,0,,,,,,1
0021900523,602,2,57,4,5:31 PM,7:10,,,MISS Brooks 3' Driving Hook Shot,,,5,1628415,Dillon Brooks,1610612763.0,Memphis,Grizzlies,MEM,0,0,,,,,,0,0,,,,,,1
0021900523,603,4,0,4,5:31 PM,7:08,Williams REBOUND (Off:1 Def:1),,,,,4,101150,Lou Williams,1610612746.0,LA,Clippers,LAC,0,0,,,,,,0,0,,,,,,1
0021900523,604,1,41,4,5:31 PM,7:06,Williams 2' Running Layup (19 PTS),,,110 - 93,-17,4,101150,Lou Williams,1610612746.0,LA,Clippers,LAC,0,0,,,,,,0,0,,,,,,1
0021900523,605,6,2,4,5:31 PM,7:06,,,Allen S.FOUL (P2.T2) (E.Dalen),,,5,1628960,Grayson Allen,1610612763.0,Memphis,Grizzlies,MEM,4,101150,Lou Williams,1610612746.0,LA,Clippers,LAC,1,0,,,,,,1
0021900523,607,8,0,4,5:32 PM,7:06,,,SUB: Crowder FOR Allen,,,5,1628960,Grayson Allen,1610612763.0,Memphis,Grizzlies,MEM,5,203109,Jae Crowder,1610612763.0,Memphis,Grizzlies,MEM,0,0,,,,,,0
0021900523,609,3,10,4,5:32 PM,7:06,Williams Free Throw 1 of 1 (20 PTS),,,110 - 94,-16,4,101150,Lou Williams,1610612746.0,LA,Clippers,LAC,0,0,,,,,,0,0,,,,,,1
0021900523,610,1,108,4,5:32 PM,6:44,,,Jackson Jr. 2' Cutting Dunk Shot (14 PTS) (Morant 6 AST),112 - 94,-18,5,1628991,Jaren Jackson Jr.,1610612763.0,Memphis,Grizzlies,MEM,5,1629630,Ja Morant,1610612763.0,Memphis,Grizzlies,MEM,0,0,,,,,,1
0021900523,612,1,63,4,5:32 PM,6:33,Williams 11' Fadeaway Jumper (22 PTS),,,112 - 96,-16,4,101150,Lou Williams,1610612746.0,LA,Clippers,LAC,0,0,,,,,,0,0,,,,,,1
0021900523,615,6,4,4,5:33 PM,6:23,,,Crowder OFF.Foul (P3) (J.Tiven),,,5,203109,Jae Crowder,1610612763.0,Memphis,Grizzlies,MEM,4,1629010,Jerome Robinson,1610612746.0,LA,Clippers,LAC,1,0,,,,,,1
0021900523,617,5,37,4,5:33 PM,6:23,,,Crowder Offensive Foul Turnover (P1.T8),,,5,203109,Jae Crowder,1610612763.0,Memphis,Grizzlies,MEM,0,0,,,,,,1,0,,,,,,1
0021900523,618,2,1,4,5:33 PM,6:13,MISS Leonard 13' Jump Shot,,,,,4,202695,Kawhi Leonard,1610612746.0,LA,Clippers,LAC,0,0,,,,,,0,0,,,,,,1
0021900523,619,4,0,4,5:33 PM,6:09,,,Brooks REBOUND (Off:1 Def:2),,,5,1628415,Dillon Brooks,1610612763.0,Memphis,Grizzlies,MEM,0,0,,,,,,0,0,,,,,,1
0021900523,620,1,106,4,5:33 PM,6:06,,,Jackson Jr. Running Alley Oop Dunk Shot (16 PTS) (Brooks 3 AST),114 - 96,-18,5,1628991,Jaren Jackson Jr.,1610612763.0,Memphis,Grizzlies,MEM,5,1628415,Dillon Brooks,1610612763.0,Memphis,Grizzlies,MEM,0,0,,,,,,1
0021900523,622,5,1,4,5:33 PM,5:56,Williams Bad Pass Turnover (P3.T12),,Morant STEAL (1 STL),,,4,101150,Lou Williams,1610612746.0,LA,Clippers,LAC,5,1629630,Ja Morant,1610612763.0,Memphis,Grizzlies,MEM,0,0,,,,,,1
0021900523,624,6,2,4,5:34 PM,5:52,Robinson S.FOUL (P2.T3) (E.Dalen),,,,,4,1629010,Jerome Robinson,1610612746.0,LA,Clippers,LAC,5,1629630,Ja Morant,1610612763.0,Memphis,Grizzlies,MEM,1,0,,,,,,1
0021900523,626,3,11,4,5:34 PM,5:52,,,Morant Free Throw 1 of 2 (21 PTS),115 - 96,-19,5,1629630,Ja Morant,1610612763.0,Memphis,Grizzlies,MEM,0,0,,,,,,0,0,,,,,,1
0021900523,627,3,12,4,5:34 PM,5:52,,,Morant Free Throw 2 of 2 (22 PTS),116 - 96,-20,5,1629630,Ja Morant,1610612763.0,Memphis,Grizzlies,MEM,0,0,,,,,,0,0,,,,,,1
0021900523,628,9,1,4,5:34 PM,5:52,CLIPPERS Timeout: Regular (Full 3 Short 0),,,,,2,1610612746,,,,,,0,0,,,,,,0,0,,,,,,0
0021900523,629,1,73,4,5:37 PM,5:32,Robinson 2' Driving Reverse Layup (4 PTS) (Harrell 3 AST),,,116 - 98,-18,4,1629010,Jerome Robinson,1610612746.0,LA,Clippers,LAC,4,1626149,Montrezl Harrell,1610612746.0,LA,Clippers,LAC,0,0,,,,,,1
0021900523,631,1,98,4,5:38 PM,5:19,,,Jackson Jr. 2' Cutting Layup Shot (18 PTS) (Morant 7 AST),118 - 98,-20,5,1628991,Jaren Jackson Jr.,1610612763.0,Memphis,Grizzlies,MEM,5,1629630,Ja Morant,1610612763.0,Memphis,Grizzlies,MEM,0,0,,,,,,1
0021900523,633,1,108,4,5:38 PM,5:03,Harrell 1' Cutting Dunk Shot (28 PTS) (Williams 7 AST),,,118 - 100,-18,4,1626149,Montrezl Harrell,1610612746.0,LA,Clippers,LAC,4,101150,Lou Williams,1610612746.0,LA,Clippers,LAC,0,0,,,,,,1
0021900523,635,6,1,4,5:38 PM,4:47,Shamet P.FOUL (P3.T4) (J.Williams),,,,,4,1629013,Landry Shamet,1610612746.0,LA,Clippers,LAC,5,1628991,Jaren Jackson Jr.,1610612763.0,Memphis,Grizzlies,MEM,1,0,,,,,,1
0021900523,637,1,1,4,5:39 PM,4:42,,,Brooks 27' 3PT Jump Shot (19 PTS) (Morant 8 AST),121 - 100,-21,5,1628415,Dillon Brooks,1610612763.0,Memphis,Grizzlies,MEM,5,1629630,Ja Morant,1610612763.0,Memphis,Grizzlies,MEM,0,0,,,,,,1
0021900523,640,6,2,4,5:39 PM,4:26,,,Jackson Jr. S.FOUL (P4.T3) (E.Dalen),,,5,1628991,Jaren Jackson Jr.,1610612763.0,Memphis,Grizzlies,MEM,4,101150,Lou Williams,1610612746.0,LA,Clippers,LAC,1,0,,,,,,1
0021900523,642,3,11,4,5:39 PM,4:26,Williams Free Throw 1 of 2 (23 PTS),,,121 - 101,-20,4,101150,Lou Williams,1610612746.0,LA,Clippers,LAC,0,0,,,,,,0,0,,,,,,1
0021900523,643,8,0,4,5:39 PM,4:26,SUB: Patterson FOR Leonard,,,,,4,202695,Kawhi Leonard,1610612746.0,LA,Clippers,LAC,4,202335,Patrick Patterson,1610612746.0,LA,Clippers,LAC,0,0,,,,,,0
0021900523,644,8,0,4,5:39 PM,4:26,SUB: Motley FOR Harrell,,,,,4,1626149,Montrezl Harrell,1610612746.0,LA,Clippers,LAC,4,1628405,Johnathan Motley,1610612746.0,LA,Clippers,LAC,0,0,,,,,,0
0021900523,645,8,0,4,5:39 PM,4:26,SUB: Coffey FOR Shamet,,,,,4,1629013,Landry Shamet,1610612746.0,LA,Clippers,LAC,4,1629599,Amir Coffey,1610612746.0,LA,Clippers,LAC,0,0,,,,,,0
0021900523,649,3,12,4,5:40 PM,4:26,Williams Free Throw 2 of 2 (24 PTS),,,121 - 102,-19,4,101150,Lou Williams,1610612746.0,LA,Clippers,LAC,0,0,,,,,,0,0,,,,,,1
0021900523,650,1,102,4,5:40 PM,4:13,,,Jackson Jr. 2' Driving Floating Bank Jump Shot (20 PTS) (Morant 9 AST),123 - 102,-21,5,1628991,Jaren Jackson Jr.,1610612763.0,Memphis,Grizzlies,MEM,5,1629630,Ja Morant,1610612763.0,Memphis,Grizzlies,MEM,0,0,,,,,,1
0021900523,652,5,45,4,5:40 PM,4:03,Motley Out of Bounds - Bad Pass Turnover Turnover (P1.T13),,,,,4,1628405,Johnathan Motley,1610612746.0,LA,Clippers,LAC,0,0,,,,,,1,0,,,,,,1
0021900523,653,8,0,4,5:40 PM,4:03,SUB: Walton Jr. FOR Williams,,,,,4,101150,Lou Williams,1610612746.0,LA,Clippers,LAC,4,1628476,Derrick Walton Jr.,1610612746.0,LA,Clippers,LAC,0,0,,,,,,0
0021900523,655,6,4,4,5:41 PM,3:54,,,Jackson Jr. OFF.Foul (P5) (J.Williams),,,5,1628991,Jaren Jackson Jr.,1610612763.0,Memphis,Grizzlies,MEM,4,1629010,Jerome Robinson,1610612746.0,LA,Clippers,LAC,1,0,,,,,,1
0021900523,657,5,37,4,5:41 PM,3:54,,,Jackson Jr. Offensive Foul Turnover (P2.T9),,,5,1628991,Jaren Jackson Jr.,1610612763.0,Memphis,Grizzlies,MEM,0,0,,,,,,1,0,,,,,,1
0021900523,658,1,101,4,5:41 PM,3:45,Coffey 13' Driving Floating Jump Shot (2 PTS) (Motley 1 AST),,,123 - 104,-19,4,1629599,Amir Coffey,1610612746.0,LA,Clippers,LAC,4,1628405,Johnathan Motley,1610612746.0,LA,Clippers,LAC,0,0,,,,,,1
0021900523,660,1,79,4,5:41 PM,3:26,,,Brooks 26' 3PT Pullup Jump Shot (22 PTS),126 - 104,-22,5,1628415,Dillon Brooks,1610612763.0,Memphis,Grizzlies,MEM,0,0,,,,,,0,0,,,,,,1
0021900523,661,2,66,4,5:41 PM,3:11,MISS Coffey 26' 3PT Jump Bank Shot,,,,,4,1629599,Amir Coffey,1610612746.0,LA,Clippers,LAC,0,0,,,,,,0,0,,,,,,1
0021900523,662,4,0,4,5:41 PM,3:08,,,Morant REBOUND (Off:0 Def:4),,,5,1629630,Ja Morant,1610612763.0,Memphis,Grizzlies,MEM,0,0,,,,,,0,0,,,,,,1
0021900523,663,6,1,4,5:42 PM,3:00,Coffey P.FOUL (P1.PN) (J.Tiven),,,,,4,1629599,Amir Coffey,1610612746.0,LA,Clippers,LAC,5,1628991,Jaren Jackson Jr.,1610612763.0,Memphis,Grizzlies,MEM,1,0,,,,,,1
0021900523,665,3,11,4,5:42 PM,3:00,,,MISS Jackson Jr. Free Throw 1 of 2,,,5,1628991,Jaren Jackson Jr.,1610612763.0,Memphis,Grizzlies,MEM,0,0,,,,,,0,0,,,,,,1
0021900523,666,4,1,4,5:42 PM,3:00,,,Grizzlies Rebound,,,3,1610612763,,,,,,0,0,,,,,,0,0,,,,,,0
0021900523,667,8,0,4,5:42 PM,3:00,,,SUB: Guduric FOR Morant,,,5,1629630,Ja Morant,1610612763.0,Memphis,Grizzlies,MEM,5,1629741,Marko Guduric,1610612763.0,Memphis,Grizzlies,MEM,0,0,,,,,,0
0021900523,668,8,0,4,5:42 PM,3:00,,,SUB: Allen FOR Brooks,,,5,1628415,Dillon Brooks,1610612763.0,Memphis,Grizzlies,MEM,5,1628960,Grayson Allen,1610612763.0,Memphis,Grizzlies,MEM,0,0,,,,,,0
0021900523,669,8,0,4,5:42 PM,3:00,,,SUB: Jones FOR Crowder,,,5,203109,Jae Crowder,1610612763.0,Memphis,Grizzlies,MEM,5,1626145,Tyus Jones,1610612763.0,Memphis,Grizzlies,MEM,0,0,,,,,,0
0021900523,673,3,12,4,5:43 PM,3:00,,,Jackson Jr. Free Throw 2 of 2 (21 PTS),127 - 104,-23,5,1628991,Jaren Jackson Jr.,1610612763.0,Memphis,Grizzlies,MEM,0,0,,,,,,0,0,,,,,,1
0021900523,674,2,79,4,5:43 PM,2:48,MISS Walton Jr. 18' Pullup Jump Shot,,,,,4,1628476,Derrick Walton Jr.,1610612746.0,LA,Clippers,LAC,0,0,,,,,,0,0,,,,,,1
0021900523,675,4,0,4,5:43 PM,2:45,,,Allen REBOUND (Off:0 Def:1),,,5,1628960,Grayson Allen,1610612763.0,Memphis,Grizzlies,MEM,0,0,,,,,,0,0,,,,,,1
0021900523,676,1,1,4,5:43 PM,2:38,,,Jackson Jr. 32' 3PT Jump Shot (24 PTS) (Allen 1 AST),130 - 104,-26,5,1628991,Jaren Jackson Jr.,1610612763.0,Memphis,Grizzlies,MEM,5,1628960,Grayson Allen,1610612763.0,Memphis,Grizzlies,MEM,0,0,,,,,,1
0021900523,678,6,1,4,5:43 PM,2:34,,,S. Hill P.FOUL (P1.T4) (J.Williams),,,5,203524,Solomon Hill,1610612763.0,Memphis,Grizzlies,MEM,4,1628476,Derrick Walton Jr.,1610612746.0,LA,Clippers,LAC,1,0,,,,,,1
0021900523,680,8,0,4,5:43 PM,2:34,,,SUB: Anderson FOR Jackson Jr.,,,5,1628991,Jaren Jackson Jr.,1610612763.0,Memphis,Grizzlies,MEM,5,203937,Kyle Anderson,1610612763.0,Memphis,Grizzlies,MEM,0,0,,,,,,0
0021900523,681,8,0,4,5:43 PM,2:34,,,SUB: Clarke FOR S. Hill,,,5,203524,Solomon Hill,1610612763.0,Memphis,Grizzlies,MEM,5,1629634,Brandon Clarke,1610612763.0,Memphis,Grizzlies,MEM,0,0,,,,,,0
0021900523,684,2,1,4,5:44 PM,2:22,MISS Patterson 23' Jump Shot,,,,,4,202335,Patrick Patterson,1610612746.0,LA,Clippers,LAC,0,0,,,,,,0,0,,,,,,1
0021900523,685,4,0,4,5:44 PM,2:16,,,Guduric REBOUND (Off:0 Def:1),,,5,1629741,Marko Guduric,1610612763.0,Memphis,Grizzlies,MEM,0,0,,,,,,0,0,,,,,,1
0021900523,686,1,78,4,5:44 PM,2:12,,,Clarke 13' Floating Jump Shot (6 PTS) (Guduric 1 AST),132 - 104,-28,5,1629634,Brandon Clarke,1610612763.0,Memphis,Grizzlies,MEM,5,1629741,Marko Guduric,1610612763.0,Memphis,Grizzlies,MEM,0,0,,,,,,1
0021900523,688,1,1,4,5:44 PM,2:01,Coffey 25' 3PT Jump Shot (5 PTS) (Motley 2 AST),,,132 - 107,-25,4,1629599,Amir Coffey,1610612746.0,LA,Clippers,LAC,4,1628405,Johnathan Motley,1610612746.0,LA,Clippers,LAC,0,0,,,,,,1
0021900523,690,1,1,4,5:44 PM,1:52,,,Clarke 10' Jump Shot (8 PTS) (Jones 5 AST),134 - 107,-27,5,1629634,Brandon Clarke,1610612763.0,Memphis,Grizzlies,MEM,5,1626145,Tyus Jones,1610612763.0,Memphis,Grizzlies,MEM,0,0,,,,,,1
0021900523,692,1,1,4,5:44 PM,1:41,Robinson 25' 3PT Jump Shot (7 PTS),,,134 - 110,-24,4,1629010,Jerome Robinson,1610612746.0,LA,Clippers,LAC,0,0,,,,,,0,0,,,,,,1
0021900523,693,1,6,4,5:45 PM,1:34,,,Jones 2' Driving Layup (11 PTS),136 - 110,-26,5,1626145,Tyus Jones,1610612763.0,Memphis,Grizzlies,MEM,0,0,,,,,,0,0,,,,,,1
0021900523,694,7,2,4,5:45 PM,1:34,Motley Violation:Defensive Goaltending (J.Tiven),,,,,4,1628405,Johnathan Motley,1610612746.0,LA,Clippers,LAC,0,0,,,,,,1,0,,,,,,1
0021900523,695,1,108,4,5:45 PM,1:24,Motley 1' Cutting Dunk Shot (2 PTS) (Coffey 1 AST),,,136 - 112,-24,4,1628405,Johnathan Motley,1610612746.0,LA,Clippers,LAC,4,1629599,Amir Coffey,1610612746.0,LA,Clippers,LAC,0,0,,,,,,1
0021900523,697,1,6,4,5:45 PM,1:14,,,Allen 1' Driving Layup (7 PTS),138 - 112,-26,5,1628960,Grayson Allen,1610612763.0,Memphis,Grizzlies,MEM,0,0,,,,,,0,0,,,,,,1
0021900523,698,2,1,4,5:45 PM,1:04,MISS Patterson 26' 3PT Jump Shot,,,,,4,202335,Patrick Patterson,1610612746.0,LA,Clippers,LAC,0,0,,,,,,0,0,,,,,,1
0021900523,699,4,0,4,5:45 PM,1:00,,,Allen REBOUND (Off:0 Def:2),,,5,1628960,Grayson Allen,1610612763.0,Memphis,Grizzlies,MEM,0,0,,,,,,0,0,,,,,,1
0021900523,700,6,1,4,5:45 PM,0:55,Walton Jr. P.FOUL (P3.PN) (J.Williams),,,,,4,1628476,Derrick Walton Jr.,1610612746.0,LA,Clippers,LAC,5,1628960,Grayson Allen,1610612763.0,Memphis,Grizzlies,MEM,1,0,,,,,,1
0021900523,702,3,11,4,5:46 PM,0:55,,,Allen Free Throw 1 of 2 (8 PTS),139 - 112,-27,5,1628960,Grayson Allen,1610612763.0,Memphis,Grizzlies,MEM,0,0,,,,,,0,0,,,,,,1
0021900523,703,3,12,4,5:46 PM,0:55,,,Allen Free Throw 2 of 2 (9 PTS),140 - 112,-28,5,1628960,Grayson Allen,1610612763.0,Memphis,Grizzlies,MEM,0,0,,,,,,0,0,,,,,,1
0021900523,704,1,93,4,5:46 PM,0:47,Motley 3' Driving Bank Hook Shot (4 PTS),,,140 - 114,-26,4,1628405,Johnathan Motley,1610612746.0,LA,Clippers,LAC,0,0,,,,,,0,0,,,,,,1
0021900523,705,2,71,4,5:47 PM,0:28,,,MISS Guduric 2' Finger Roll Layup,,,5,1629741,Marko Guduric,1610612763.0,Memphis,Grizzlies,MEM,0,0,,,,,,0,0,,,,,,1
0021900523,706,4,0,4,5:47 PM,0:26,Walton Jr. REBOUND (Off:0 Def:1),,,,,4,1628476,Derrick Walton Jr.,1610612746.0,LA,Clippers,LAC,0,0,,,,,,0,0,,,,,,1
0021900523,707,2,1,4,5:47 PM,0:20,MISS Patterson 24' 3PT Jump Shot,,,,,4,202335,Patrick Patterson,1610612746.0,LA,Clippers,LAC,0,0,,,,,,0,0,,,,,,1
0021900523,708,4,0,4,5:47 PM,0:16,,,Jones REBOUND (Off:0 Def:2),,,5,1626145,Tyus Jones,1610612763.0,Memphis,Grizzlies,MEM,0,0,,,,,,0,0,,,,,,1
0021900523,709,13,0,4,5:47 PM,0:00,,End of 4th Period (5:47 PM EST),,140 - 114,-26,0,0,,,,,,0,0,,,,,,0,0,,,,,,1
