GAME_ID,EVENTNUM,EVENTMSGTYPE,EVENTMSGACTIONTYPE,PERIOD,WCTIMESTRING,PCTIMESTRING,HOMEDESCRIPTION,NEUTRALDESCRIPTION,VISITORDESCRIPTION,SCORE,SCOREMARGIN,PERSON1TYPE,PLAYER1_ID,PLAYER1_NAME,PLAYER1_TEAM_ID,PLAYER1_TEAM_CITY,PLAYER1_TEAM_NICKNAME,PLAYER1_TEAM_ABBREVIATION,PERSON2TYPE,PLAYER2_ID,PLAYER2_NAME,PLAYER2_TEAM_ID,PLAYER2_TEAM_CITY,PLAYER2_TEAM_NICKNAME,PLAYER2_TEAM_ABBREVIATION,PERSON3TYPE,PLAYER3_ID,PLAYER3_NAME,PLAYER3_TEAM_ID,PLAYER3_TEAM_CITY,PLAYER3_TEAM_NICKNAME,PLAYER3_TEAM_ABBREVIATION,VIDEO_AVAILABLE_FLAG
0022400247,2,12,0,1,7:43 PM,12:00,,Start of 1st Period (7:43 PM EST),,,,0,0,,,,,,0,0,,,,,,0,0,,,,,,0
0022400247,4,10,0,1,7:43 PM,12:00,Jump Ball Poeltl vs. Freeman: Tip to Mitchell,,,,,4,1627751,Jakob Poeltl,1610612761.0,Toronto,Raptors,TOR,5,1642402,Enrique Freeman,1610612754.0,Indiana,Pacers,IND,4,1630558,Davion Mitchell,1610612761.0,Toronto,Raptors,TOR,1
0022400247,7,1,108,1,7:43 PM,11:46,Poeltl Cutting Dunk Shot (2 PTS) (Barrett 1 AST),,,0 - 2,2,4,1627751,Jakob Poeltl,1610612761.0,Toronto,Raptors,TOR,4,1629628,RJ Barrett,1610612761.0,Toronto,Raptors,TOR,0,0,,,,,,1
0022400247,9,2,102,1,7:44 PM,11:16,,,MISS Mathurin 22' Driving Floating Bank Jump Shot,,,5,1631097,Bennedict Mathurin,1610612754.0,Indiana,Pacers,IND,0,0,,,,,,0,0,,,,,,1
0022400247,10,4,0,1,7:44 PM,11:15,Poeltl REBOUND (Off:0 Def:1),,,,,4,1627751,Jakob Poeltl,1610612761.0,Toronto,Raptors,TOR,0,0,,,,,,0,0,,,,,,1
0022400247,11,1,2,1,7:44 PM,11:09,Barrett 3PT Running Jump Shot (3 PTS) (Mitchell 1 AST),,,0 - 5,5,4,1629628,RJ Barrett,1610612761.0,Toronto,Raptors,TOR,4,1630558,Davion Mitchell,1610612761.0,Toronto,Raptors,TOR,0,0,,,,,,1
0022400247,13,1,73,1,7:44 PM,10:52,,,Mathurin 1' Driving Reverse Layup (2 PTS) (Walker 1 AST),2 - 5,3,5,1631097,Bennedict Mathurin,1610612754.0,Indiana,Pacers,IND,5,1641716,Jarace Walker,1610612754.0,Indiana,Pacers,IND,0,0,,,,,,1
0022400247,15,5,1,1,7:44 PM,10:40,Mitchell Bad Pass Turnover (P1.T1),,Haliburton STEAL (1 STL),,,4,1630558,Davion Mitchell,1610612761.0,Toronto,Raptors,TOR,5,1630169,Tyrese Haliburton,1610612754.0,Indiana,Pacers,IND,0,0,,,,,,1
0022400247,17,2,2,1,7:45 PM,10:33,,,MISS Haliburton 25' 3PT Running Jump Shot,,,5,1630169,Tyrese Haliburton,1610612754.0,Indiana,Pacers,IND,0,0,,,,,,0,0,,,,,,1
0022400247,18,4,0,1,7:45 PM,10:31,,,Mathurin REBOUND (Off:1 Def:0),,,5,1631097,Bennedict Mathurin,1610612754.0,Indiana,Pacers,IND,0,0,,,,,,0,0,,,,,,1
0022400247,19,2,66,1,7:45 PM,10:29,,,MISS Haliburton 25' 3PT Jump Bank Shot,,,5,1630169,Tyrese Haliburton,1610612754.0,Indiana,Pacers,IND,0,0,,,,,,0,0,,,,,,1
0022400247,20,4,0,1,7:45 PM,10:26,Barrett REBOUND (Off:0 Def:1),,,,,4,1629628,RJ Barrett,1610612761.0,Toronto,Raptors,TOR,0,0,,,,,,0,0,,,,,,1
0022400247,21,2,43,1,7:45 PM,10:18,MISS Poeltl 2' Alley Oop Layup,,,,,4,1627751,Jakob Poeltl,1610612761.0,Toronto,Raptors,TOR,0,0,,,,,,0,0,,,,,,1
0022400247,22,4,0,1,7:45 PM,10:15,,,Siakam REBOUND (Off:0 Def:1),,,5,1627783,Pascal Siakam,1610612754.0,Indiana,Pacers,IND,0,0,,,,,,0,0,,,,,,1
0022400247,23,1,1,1,7:45 PM,9:54,,,Walker 26' 3PT Jump Shot (3 PTS) (Haliburton 1 AST),5 - 5,TIE,5,1641716,Jarace Walker,1610612754.0,Indiana,Pacers,IND,5,1630169,Tyrese Haliburton,1610612754.0,Indiana,Pacers,IND,0,0,,,,,,1
0022400247,25,1,1,1,7:46 PM,9:37,Dick 3PT Jump Shot (3 PTS) (Agbaji 1 AST),,,5 - 8,3,4,1641711,Gradey Dick,1610612761.0,Toronto,Raptors,TOR,4,1630534,Ochai Agbaji,1610612761.0,Toronto,Raptors,TOR,0,0,,,,,,1
0022400247,27,2,101,1,7:46 PM,9:17,,,MISS Mathurin 8' Driving Floating Jump Shot,,,5,1631097,Bennedict Mathurin,1610612754.0,Indiana,Pacers,IND,0,0,,,,,,0,0,,,,,,1
0022400247,28,4,0,1,7:46 PM,9:15,Poeltl REBOUND (Off:0 Def:2),,,,,4,1627751,Jakob Poeltl,1610612761.0,Toronto,Raptors,TOR,0,0,,,,,,0,0,,,,,,1
0022400247,29,1,2,1,7:46 PM,9:08,Barrett 24' 3PT Running Jump Shot (6 PTS) (Agbaji 2 AST),,,5 - 11,6,4,1629628,RJ Barrett,1610612761.0,Toronto,Raptors,TOR,4,1630534,Ochai Agbaji,1610612761.0,Toronto,Raptors,TOR,0,0,,,,,,1
0022400247,31,9,1,1,7:46 PM,9:07,,,Pacers Timeout: Regular (Reg.1 Short 0),,,3,1610612754,,,,,,0,0,,,,,,0,0,,,,,,0
0022400247,32,6,1,1,7:49 PM,8:55,Dick P.FOUL (P1.T1) (N.Sago),,,,,4,1641711,Gradey Dick,1610612761.0,Toronto,Raptors,TOR,5,1631097,Bennedict Mathurin,1610612754.0,Indiana,Pacers,IND,1,0,,,,,,1
0022400247,34,2,6,1,7:50 PM,8:48,,,MISS Siakam 7' Driving Layup,,,5,1627783,Pascal Siakam,1610612754.0,Indiana,Pacers,IND,0,0,,,,,,0,0,,,,,,1
0022400247,35,4,0,1,7:50 PM,8:44,,,Siakam REBOUND (Off:1 Def:1),,,5,1627783,Pascal Siakam,1610612754.0,Indiana,Pacers,IND,0,0,,,,,,0,0,,,,,,1
0022400247,36,1,97,1,7:50 PM,8:44,,,Siakam Tip Layup Shot (2 PTS),7 - 11,4,5,1627783,Pascal Siakam,1610612754.0,Indiana,Pacers,IND,0,0,,,,,,0,0,,,,,,1
0022400247,37,2,6,1,7:50 PM,8:42,MISS Agbaji 1' Driving Layup,,,,,4,1630534,Ochai Agbaji,1610612761.0,Toronto,Raptors,TOR,0,0,,,,,,0,0,,,,,,1
0022400247,38,4,0,1,7:50 PM,8:40,,,Freeman REBOUND (Off:0 Def:1),,,5,1642402,Enrique Freeman,1610612754.0,Indiana,Pacers,IND,0,0,,,,,,0,0,,,,,,1
0022400247,39,1,1,1,7:50 PM,8:27,,,Freeman 24' 3PT Jump Shot (3 PTS) (Siakam 1 AST),10 - 11,1,5,1642402,Enrique Freeman,1610612754.0,Indiana,Pacers,IND,5,1627783,Pascal Siakam,1610612754.0,Indiana,Pacers,IND,0,0,,,,,,1
0022400247,41,1,6,1,7:50 PM,8:12,Mitchell Driving Layup (2 PTS),,,10 - 13,3,4,1630558,Davion Mitchell,1610612761.0,Toronto,Raptors,TOR,0,0,,,,,,0,0,,,,,,1
0022400247,42,6,2,1,7:50 PM,8:02,Agbaji S.FOUL (P1.T2) (R.Hussey),,,,,4,1630534,Ochai Agbaji,1610612761.0,Toronto,Raptors,TOR,5,1627783,Pascal Siakam,1610612754.0,Indiana,Pacers,IND,1,0,,,,,,1
0022400247,44,3,11,1,7:51 PM,8:02,,,MISS Siakam Free Throw 1 of 2,,,5,1627783,Pascal Siakam,1610612754.0,Indiana,Pacers,IND,0,0,,,,,,0,0,,,,,,1
0022400247,45,4,1,1,7:51 PM,8:02,,,Pacers Rebound,,,3,1610612754,,,,,,0,0,,,,,,0,0,,,,,,0
0022400247,46,3,12,1,7:51 PM,8:02,,,Siakam Free Throw 2 of 2 (3 PTS),11 - 13,2,5,1627783,Pascal Siakam,1610612754.0,Indiana,Pacers,IND,0,0,,,,,,0,0,,,,,,1
0022400247,47,2,75,1,7:52 PM,7:41,MISS Mitchell 6' Driving Finger Roll Layup,,,,,4,1630558,Davion Mitchell,1610612761.0,Toronto,Raptors,TOR,0,0,,,,,,0,0,,,,,,1
0022400247,48,4,0,1,7:52 PM,7:39,,,Walker REBOUND (Off:0 Def:1),,,5,1641716,Jarace Walker,1610612754.0,Indiana,Pacers,IND,0,0,,,,,,0,0,,,,,,1
0022400247,49,2,1,1,7:52 PM,7:25,,,MISS Walker 3PT Jump Shot,,,5,1641716,Jarace Walker,1610612754.0,Indiana,Pacers,IND,0,0,,,,,,0,0,,,,,,1
0022400247,50,4,0,1,7:52 PM,7:22,,,Haliburton REBOUND (Off:1 Def:0),,,5,1630169,Tyrese Haliburton,1610612754.0,Indiana,Pacers,IND,0,0,,,,,,0,0,,,,,,1
0022400247,51,2,79,1,7:52 PM,7:19,,,MISS Mathurin 25' 3PT Pullup Jump Shot,,,5,1631097,Bennedict Mathurin,1610612754.0,Indiana,Pacers,IND,0,0,,,,,,0,0,,,,,,1
0022400247,52,4,0,1,7:52 PM,7:16,RAPTORS Rebound,,,,,2,1610612761,,,,,,0,0,,,,,,0,0,,,,,,1
0022400247,54,1,5,1,7:53 PM,6:57,Poeltl 1' Layup (4 PTS) (Dick 1 AST),,,11 - 15,4,4,1627751,Jakob Poeltl,1610612761.0,Toronto,Raptors,TOR,4,1641711,Gradey Dick,1610612761.0,Toronto,Raptors,TOR,0,0,,,,,,1
0022400247,56,5,45,1,7:53 PM,6:38,,,Freeman Out of Bounds - Bad Pass Turnover Turnover (P1.T1),,,5,1642402,Enrique Freeman,1610612754.0,Indiana,Pacers,IND,0,0,,,,,,1,0,,,,,,1
0022400247,57,2,1,1,7:54 PM,6:27,MISS Agbaji 26' 3PT Jump Shot,,Haliburton BLOCK (1 BLK),,,4,1630534,Ochai Agbaji,1610612761.0,Toronto,Raptors,TOR,0,0,,,,,,5,1630169,Tyrese Haliburton,1610612754.0,Indiana,Pacers,IND,1
0022400247,58,4,0,1,7:54 PM,6:25,,,Mathurin REBOUND (Off:1 Def:1),,,5,1631097,Bennedict Mathurin,1610612754.0,Indiana,Pacers,IND,0,0,,,,,,0,0,,,,,,1
0022400247,59,5,1,1,7:54 PM,6:22,Agbaji STEAL (1 STL),,Mathurin Bad Pass Turnover (P1.T2),,,5,1631097,Bennedict Mathurin,1610612754.0,Indiana,Pacers,IND,4,1630534,Ochai Agbaji,1610612761.0,Toronto,Raptors,TOR,0,0,,,,,,1
0022400247,61,2,2,1,7:54 PM,6:19,MISS Barrett 27' 3PT Running Jump Shot,,,,,4,1629628,RJ Barrett,1610612761.0,Toronto,Raptors,TOR,0,0,,,,,,0,0,,,,,,1
0022400247,62,4,0,1,7:54 PM,6:14,Agbaji REBOUND (Off:1 Def:0),,,,,4,1630534,Ochai Agbaji,1610612761.0,Toronto,Raptors,TOR,0,0,,,,,,0,0,,,,,,1
0022400247,63,1,72,1,7:54 PM,6:14,Agbaji Putback Layup (2 PTS),,,11 - 17,6,4,1630534,Ochai Agbaji,1610612761.0,Toronto,Raptors,TOR,0,0,,,,,,0,0,,,,,,1
0022400247,64,6,1,1,7:54 PM,6:01,Barrett P.FOUL (P1.T3) (R.Hussey),,,,,4,1629628,RJ Barrett,1610612761.0,Toronto,Raptors,TOR,5,1627783,Pascal Siakam,1610612754.0,Indiana,Pacers,IND,1,0,,,,,,1
0022400247,66,8,0,1,7:54 PM,6:01,SUB: Shead FOR Barrett,,,,,4,1629628,RJ Barrett,1610612761.0,Toronto,Raptors,TOR,4,1642347,Jamal Shead,1610612761.0,Toronto,Raptors,TOR,0,0,,,,,,0
0022400247,67,8,0,1,7:54 PM,6:01,SUB: Boucher FOR Mitchell,,,,,4,1630558,Davion Mitchell,1610612761.0,Toronto,Raptors,TOR,4,1628449,Chris Boucher,1610612761.0,Toronto,Raptors,TOR,0,0,,,,,,0
0022400247,69,8,0,1,7:54 PM,6:01,,,SUB: Toppin FOR Freeman,,,5,1642402,Enrique Freeman,1610612754.0,Indiana,Pacers,IND,5,1630167,Obi Toppin,1610612754.0,Indiana,Pacers,IND,0,0,,,,,,0
0022400247,76,8,0,1,7:54 PM,6:01,,,SUB: Furphy FOR Siakam,,,5,1627783,Pascal Siakam,1610612754.0,Indiana,Pacers,IND,5,1642277,Johnny Furphy,1610612754.0,Indiana,Pacers,IND,0,0,,,,,,0
0022400247,74,6,1,1,7:55 PM,5:54,Shead P.FOUL (P1.T4) (R.Hussey),,,,,4,1642347,Jamal Shead,1610612761.0,Toronto,Raptors,TOR,5,1630169,Tyrese Haliburton,1610612754.0,Indiana,Pacers,IND,1,0,,,,,,1
0022400247,77,1,1,1,7:55 PM,5:43,,,Furphy 3PT Jump Shot (3 PTS) (Haliburton 2 AST),14 - 17,3,5,1642277,Johnny Furphy,1610612754.0,Indiana,Pacers,IND,5,1630169,Tyrese Haliburton,1610612754.0,Indiana,Pacers,IND,0,0,,,,,,1
0022400247,81,6,2,1,7:56 PM,5:24,,,Furphy S.FOUL (P1.T1) (N.Sago),,,5,1642277,Johnny Furphy,1610612754.0,Indiana,Pacers,IND,4,1641711,Gradey Dick,1610612761.0,Toronto,Raptors,TOR,1,0,,,,,,1
0022400247,83,3,11,1,7:57 PM,5:24,Dick Free Throw 1 of 2 (4 PTS),,,14 - 18,4,4,1641711,Gradey Dick,1610612761.0,Toronto,Raptors,TOR,0,0,,,,,,0,0,,,,,,1
0022400247,84,8,0,1,7:57 PM,5:24,,,SUB: McConnell FOR Mathurin,,,5,1631097,Bennedict Mathurin,1610612754.0,Indiana,Pacers,IND,5,204456,T.J. McConnell,1610612754.0,Indiana,Pacers,IND,0,0,,,,,,0
0022400247,87,3,12,1,7:57 PM,5:24,Dick Free Throw 2 of 2 (5 PTS),,,14 - 19,5,4,1641711,Gradey Dick,1610612761.0,Toronto,Raptors,TOR,0,0,,,,,,0,0,,,,,,1
0022400247,88,2,1,1,7:57 PM,5:10,,,MISS Walker 27' 3PT Jump Shot,,,5,1641716,Jarace Walker,1610612754.0,Indiana,Pacers,IND,0,0,,,,,,0,0,,,,,,1
0022400247,89,4,0,1,7:57 PM,5:08,RAPTORS Rebound,,,,,2,1610612761,,,,,,0,0,,,,,,0,0,,,,,,1
0022400247,91,1,101,1,7:58 PM,4:49,Shead 10' Driving Floating Jump Shot (2 PTS) (Poeltl 1 AST),,,14 - 21,7,4,1642347,Jamal Shead,1610612761.0,Toronto,Raptors,TOR,4,1627751,Jakob Poeltl,1610612761.0,Toronto,Raptors,TOR,0,0,,,,,,1
0022400247,92,1,1,1,7:58 PM,4:37,,,Walker 24' 3PT Jump Shot (6 PTS) (Toppin 1 AST),17 - 21,4,5,1641716,Jarace Walker,1610612754.0,Indiana,Pacers,IND,5,1630167,Obi Toppin,1610612754.0,Indiana,Pacers,IND,0,0,,,,,,1
0022400247,94,2,102,1,7:58 PM,4:22,MISS Dick 11' Driving Floating Bank Jump Shot,,,,,4,1641711,Gradey Dick,1610612761.0,Toronto,Raptors,TOR,0,0,,,,,,0,0,,,,,,1
0022400247,95,4,0,1,7:58 PM,4:20,,,Walker REBOUND (Off:0 Def:2),,,5,1641716,Jarace Walker,1610612754.0,Indiana,Pacers,IND,0,0,,,,,,0,0,,,,,,1
0022400247,97,2,79,1,7:59 PM,4:12,,,MISS Haliburton 27' 3PT Pullup Jump Shot,,,5,1630169,Tyrese Haliburton,1610612754.0,Indiana,Pacers,IND,0,0,,,,,,0,0,,,,,,1
0022400247,98,4,0,1,7:59 PM,4:10,Dick REBOUND (Off:0 Def:1),,,,,4,1641711,Gradey Dick,1610612761.0,Toronto,Raptors,TOR,0,0,,,,,,0,0,,,,,,1
0022400247,99,6,2,1,7:59 PM,4:04,,,Toppin S.FOUL (P1.T2) (J.Capers),,,5,1630167,Obi Toppin,1610612754.0,Indiana,Pacers,IND,4,1642347,Jamal Shead,1610612761.0,Toronto,Raptors,TOR,1,0,,,,,,1
0022400247,101,3,11,1,7:59 PM,4:04,MISS Shead Free Throw 1 of 2,,,,,4,1642347,Jamal Shead,1610612761.0,Toronto,Raptors,TOR,0,0,,,,,,0,0,,,,,,1
0022400247,102,4,1,1,7:59 PM,4:04,RAPTORS Rebound,,,,,2,1610612761,,,,,,0,0,,,,,,0,0,,,,,,0
0022400247,105,3,12,1,7:59 PM,4:04,MISS Shead Free Throw 2 of 2,,,,,4,1642347,Jamal Shead,1610612761.0,Toronto,Raptors,TOR,0,0,,,,,,0,0,,,,,,1
0022400247,103,8,0,1,7:59 PM,4:04,SUB: Mogbo FOR Poeltl,,,,,4,1627751,Jakob Poeltl,1610612761.0,Toronto,Raptors,TOR,4,1642367,Jonathan Mogbo,1610612761.0,Toronto,Raptors,TOR,0,0,,,,,,0
0022400247,106,4,0,1,7:59 PM,3:59,,,Toppin REBOUND (Off:0 Def:1),,,5,1630167,Obi Toppin,1610612754.0,Indiana,Pacers,IND,0,0,,,,,,0,0,,,,,,1
0022400247,107,1,75,1,8:00 PM,3:41,,,McConnell 2' Driving Finger Roll Layup (2 PTS),19 - 21,2,5,204456,T.J. McConnell,1610612754.0,Indiana,Pacers,IND,0,0,,,,,,0,0,,,,,,1
0022400247,109,9,1,1,8:00 PM,3:29,RAPTORS Timeout: Regular (Full 1 Short 0),,,,,2,1610612761,,,,,,0,0,,,,,,0,0,,,,,,0
0022400247,110,8,0,1,8:01 PM,3:29,SUB: Barrett FOR Dick,,,,,4,1641711,Gradey Dick,1610612761.0,Toronto,Raptors,TOR,4,1629628,RJ Barrett,1610612761.0,Toronto,Raptors,TOR,0,0,,,,,,0
0022400247,112,2,1,1,8:04 PM,3:23,MISS Boucher 3PT Jump Shot,,,,,4,1628449,Chris Boucher,1610612761.0,Toronto,Raptors,TOR,0,0,,,,,,0,0,,,,,,1
0022400247,113,4,0,1,8:04 PM,3:22,Mogbo REBOUND (Off:1 Def:0),,,,,4,1642367,Jonathan Mogbo,1610612761.0,Toronto,Raptors,TOR,0,0,,,,,,0,0,,,,,,1
0022400247,114,5,1,1,8:04 PM,3:20,Shead Bad Pass Turnover (P1.T2),,Haliburton STEAL (2 STL),,,4,1642347,Jamal Shead,1610612761.0,Toronto,Raptors,TOR,5,1630169,Tyrese Haliburton,1610612754.0,Indiana,Pacers,IND,0,0,,,,,,1
0022400247,116,1,50,1,8:04 PM,3:16,,,Haliburton 1' Running Dunk (2 PTS),21 - 21,TIE,5,1630169,Tyrese Haliburton,1610612754.0,Indiana,Pacers,IND,0,0,,,,,,0,0,,,,,,1
0022400247,117,2,1,1,8:04 PM,2:57,MISS Shead 26' 3PT Jump Shot,,,,,4,1642347,Jamal Shead,1610612761.0,Toronto,Raptors,TOR,0,0,,,,,,0,0,,,,,,1
0022400247,118,4,0,1,8:04 PM,2:56,,,Pacers Rebound,,,3,1610612754,,,,,,0,0,,,,,,0,0,,,,,,1
0022400247,120,2,1,1,8:05 PM,2:35,Boucher BLOCK (1 BLK),,MISS Furphy 24' 3PT Jump Shot,,,5,1642277,Johnny Furphy,1610612754.0,Indiana,Pacers,IND,0,0,,,,,,4,1628449,Chris Boucher,1610612761.0,Toronto,Raptors,TOR,1
0022400247,122,4,0,1,8:05 PM,2:35,,,Pacers Rebound,,,3,1610612754,,,,,,0,0,,,,,,0,0,,,,,,1
0022400247,124,8,0,1,8:05 PM,2:35,,,SUB: Siakam FOR Walker,,,5,1641716,Jarace Walker,1610612754.0,Indiana,Pacers,IND,5,1627783,Pascal Siakam,1610612754.0,Indiana,Pacers,IND,0,0,,,,,,0
0022400247,126,2,1,1,8:05 PM,2:33,Boucher BLOCK (2 BLK),,MISS Toppin 26' 3PT Jump Shot,,,5,1630167,Obi Toppin,1610612754.0,Indiana,Pacers,IND,0,0,,,,,,4,1628449,Chris Boucher,1610612761.0,Toronto,Raptors,TOR,1
0022400247,128,4,0,1,8:05 PM,2:32,,,Pacers Rebound,,,3,1610612754,,,,,,0,0,,,,,,0,0,,,,,,0
0022400247,129,5,11,1,8:05 PM,2:32,,,Pacers Turnover: Shot Clock (T#3),,,3,1610612754,,,,,,0,0,,,,,,1,0,,,,,,1
0022400247,130,8,0,1,8:05 PM,2:32,SUB: Battle FOR Agbaji,,,,,4,1630534,Ochai Agbaji,1610612761.0,Toronto,Raptors,TOR,4,1642419,Jamison Battle,1610612761.0,Toronto,Raptors,TOR,0,0,,,,,,0
0022400247,132,1,1,1,8:05 PM,2:20,Barrett 26' 3PT Jump Shot (9 PTS) (Battle 1 AST),,,21 - 24,3,4,1629628,RJ Barrett,1610612761.0,Toronto,Raptors,TOR,4,1642419,Jamison Battle,1610612761.0,Toronto,Raptors,TOR,0,0,,,,,,1
0022400247,134,2,101,1,8:06 PM,2:05,,,MISS Siakam 8' Driving Floating Jump Shot,,,5,1627783,Pascal Siakam,1610612754.0,Indiana,Pacers,IND,0,0,,,,,,0,0,,,,,,1
0022400247,135,4,0,1,8:06 PM,2:02,,,Siakam REBOUND (Off:2 Def:1),,,5,1627783,Pascal Siakam,1610612754.0,Indiana,Pacers,IND,0,0,,,,,,0,0,,,,,,1
0022400247,136,1,97,1,8:06 PM,2:02,,,Siakam Tip Layup Shot (5 PTS),23 - 24,1,5,1627783,Pascal Siakam,1610612754.0,Indiana,Pacers,IND,0,0,,,,,,0,0,,,,,,1
0022400247,137,1,75,1,8:06 PM,1:50,Barrett 4' Driving Finger Roll Layup (11 PTS),,,23 - 26,3,4,1629628,RJ Barrett,1610612761.0,Toronto,Raptors,TOR,0,0,,,,,,0,0,,,,,,1
0022400247,138,1,75,1,8:06 PM,1:41,,,Toppin 1' Driving Finger Roll Layup (2 PTS) (McConnell 1 AST),25 - 26,1,5,1630167,Obi Toppin,1610612754.0,Indiana,Pacers,IND,5,204456,T.J. McConnell,1610612754.0,Indiana,Pacers,IND,0,0,,,,,,1
0022400247,140,1,1,1,8:06 PM,1:30,Battle 24' 3PT Jump Shot (3 PTS) (Shead 1 AST),,,25 - 29,4,4,1642419,Jamison Battle,1610612761.0,Toronto,Raptors,TOR,4,1642347,Jamal Shead,1610612761.0,Toronto,Raptors,TOR,0,0,,,,,,1
0022400247,142,2,75,1,8:07 PM,1:10,,,MISS Siakam 6' Driving Finger Roll Layup,,,5,1627783,Pascal Siakam,1610612754.0,Indiana,Pacers,IND,0,0,,,,,,0,0,,,,,,1
0022400247,143,4,0,1,8:07 PM,1:07,,,Siakam REBOUND (Off:3 Def:1),,,5,1627783,Pascal Siakam,1610612754.0,Indiana,Pacers,IND,0,0,,,,,,0,0,,,,,,1
0022400247,144,1,97,1,8:07 PM,1:06,,,Siakam Tip Layup Shot (7 PTS),27 - 29,2,5,1627783,Pascal Siakam,1610612754.0,Indiana,Pacers,IND,0,0,,,,,,0,0,,,,,,1
0022400247,145,2,2,1,8:07 PM,0:41,MISS Shead 49' 3PT Running Jump Shot,,,,,4,1642347,Jamal Shead,1610612761.0,Toronto,Raptors,TOR,0,0,,,,,,0,0,,,,,,1
0022400247,146,4,0,1,8:07 PM,0:39,,,Pacers Rebound,,,3,1610612754,,,,,,0,0,,,,,,0,0,,,,,,1
0022400247,158,5,19,1,8:07 PM,0:37,,,Furphy Kicked Ball Violation Turnover (P1.T4),,,5,1642277,Johnny Furphy,1610612754.0,Indiana,Pacers,IND,0,0,,,,,,0,0,,,,,,1
0022400247,148,8,0,1,8:07 PM,0:37,,,SUB: Mathurin FOR Haliburton,,,5,1630169,Tyrese Haliburton,1610612754.0,Indiana,Pacers,IND,5,1631097,Bennedict Mathurin,1610612754.0,Indiana,Pacers,IND,0,0,,,,,,0
0022400247,150,2,101,1,8:08 PM,0:31,MISS Barrett 6' Driving Floating Jump Shot,,,,,4,1629628,RJ Barrett,1610612761.0,Toronto,Raptors,TOR,0,0,,,,,,0,0,,,,,,1
0022400247,151,4,0,1,8:08 PM,0:30,Boucher REBOUND (Off:1 Def:0),,,,,4,1628449,Chris Boucher,1610612761.0,Toronto,Raptors,TOR,0,0,,,,,,0,0,,,,,,1
0022400247,152,1,72,1,8:08 PM,0:30,Boucher Putback Layup (2 PTS),,,27 - 31,4,4,1628449,Chris Boucher,1610612761.0,Toronto,Raptors,TOR,0,0,,,,,,0,0,,,,,,1
0022400247,153,2,1,1,8:08 PM,0:11,,,MISS Siakam 27' 3PT Jump Shot,,,5,1627783,Pascal Siakam,1610612754.0,Indiana,Pacers,IND,0,0,,,,,,0,0,,,,,,1
0022400247,154,4,0,1,8:08 PM,0:08,Boucher REBOUND (Off:1 Def:1),,,,,4,1628449,Chris Boucher,1610612761.0,Toronto,Raptors,TOR,0,0,,,,,,0,0,,,,,,1
0022400247,155,1,80,1,8:08 PM,0:00,Battle 25' 3PT Step Back Jump Shot (6 PTS) (Barrett 2 AST),,,27 - 34,7,4,1642419,Jamison Battle,1610612761.0,Toronto,Raptors,TOR,4,1629628,RJ Barrett,1610612761.0,Toronto,Raptors,TOR,0,0,,,,,,1
0022400247,157,18,0,1,8:09 PM,0:00,,Instant Replay1st Period (8:09 PM EST),,27 - 34,7,0,155,,,,,,0,0,,,,,,1,0,,,,,,0
0022400247,159,13,0,1,8:09 PM,0:00,,End of 1st Period (8:09 PM EST),,27 - 34,7,0,0,,,,,,0,0,,,,,,0,0,,,,,,1
0022400247,166,12,0,2,8:11 PM,12:00,,Start of 2nd Period (8:11 PM EST),,27 - 34,7,0,0,,,,,,0,0,,,,,,0,0,,,,,,0
0022400247,167,5,45,2,8:11 PM,11:44,,,Mathurin Out of Bounds - Bad Pass Turnover Turnover (P2.T5),,,5,1631097,Bennedict Mathurin,1610612754.0,Indiana,Pacers,IND,0,0,,,,,,1,0,,,,,,1
0022400247,168,2,80,2,8:12 PM,11:20,MISS Barrett 27' 3PT Step Back Jump Shot,,,,,4,1629628,RJ Barrett,1610612761.0,Toronto,Raptors,TOR,0,0,,,,,,0,0,,,,,,1
0022400247,169,4,0,2,8:12 PM,11:18,Mogbo REBOUND (Off:2 Def:0),,,,,4,1642367,Jonathan Mogbo,1610612761.0,Toronto,Raptors,TOR,0,0,,,,,,0,0,,,,,,1
0022400247,170,1,107,2,8:12 PM,11:17,Mogbo Tip Dunk Shot (2 PTS),,,27 - 36,9,4,1642367,Jonathan Mogbo,1610612761.0,Toronto,Raptors,TOR,0,0,,,,,,0,0,,,,,,1
0022400247,171,1,75,2,8:12 PM,11:04,,,Mathurin 1' Driving Finger Roll Layup (4 PTS) (Siakam 2 AST),29 - 36,7,5,1631097,Bennedict Mathurin,1610612754.0,Indiana,Pacers,IND,5,1627783,Pascal Siakam,1610612754.0,Indiana,Pacers,IND,0,0,,,,,,1
0022400247,172,6,2,2,8:12 PM,11:04,Battle S.FOUL (P1.T1) (N.Sago),,,,,4,1642419,Jamison Battle,1610612761.0,Toronto,Raptors,TOR,5,1631097,Bennedict Mathurin,1610612754.0,Indiana,Pacers,IND,1,0,,,,,,1
0022400247,175,3,10,2,8:13 PM,11:04,,,Mathurin Free Throw 1 of 1 (5 PTS),30 - 36,6,5,1631097,Bennedict Mathurin,1610612754.0,Indiana,Pacers,IND,0,0,,,,,,0,0,,,,,,1
0022400247,176,1,5,2,8:13 PM,10:53,Mogbo 1' Layup (4 PTS) (Barrett 3 AST),,,30 - 38,8,4,1642367,Jonathan Mogbo,1610612761.0,Toronto,Raptors,TOR,4,1629628,RJ Barrett,1610612761.0,Toronto,Raptors,TOR,0,0,,,,,,1
0022400247,178,2,1,2,8:13 PM,10:29,,,MISS Freeman 3PT Jump Shot,,,5,1642402,Enrique Freeman,1610612754.0,Indiana,Pacers,IND,0,0,,,,,,0,0,,,,,,1
0022400247,179,4,0,2,8:13 PM,10:25,Barrett REBOUND (Off:0 Def:2),,,,,4,1629628,RJ Barrett,1610612761.0,Toronto,Raptors,TOR,0,0,,,,,,0,0,,,,,,1
0022400247,180,2,2,2,8:13 PM,10:23,MISS Battle 28' 3PT Running Jump Shot,,,,,4,1642419,Jamison Battle,1610612761.0,Toronto,Raptors,TOR,0,0,,,,,,0,0,,,,,,1
0022400247,181,4,0,2,8:14 PM,10:20,,,Freeman REBOUND (Off:0 Def:2),,,5,1642402,Enrique Freeman,1610612754.0,Indiana,Pacers,IND,0,0,,,,,,0,0,,,,,,1
0022400247,182,2,2,2,8:14 PM,10:11,,,MISS Siakam 25' 3PT Running Jump Shot,,,5,1627783,Pascal Siakam,1610612754.0,Indiana,Pacers,IND,0,0,,,,,,0,0,,,,,,1
0022400247,183,4,0,2,8:14 PM,10:09,,,Freeman REBOUND (Off:1 Def:2),,,5,1642402,Enrique Freeman,1610612754.0,Indiana,Pacers,IND,0,0,,,,,,0,0,,,,,,1
0022400247,184,1,1,2,8:14 PM,10:06,,,Jackson 24' 3PT Jump Shot (3 PTS) (Freeman 1 AST),33 - 38,5,5,1631245,Quenton Jackson,1610612754.0,Indiana,Pacers,IND,5,1642402,Enrique Freeman,1610612754.0,Indiana,Pacers,IND,0,0,,,,,,1
0022400247,186,5,2,2,8:14 PM,9:49,Shead Lost Ball Turnover (P2.T3),,McConnell STEAL (1 STL),,,4,1642347,Jamal Shead,1610612761.0,Toronto,Raptors,TOR,5,204456,T.J. McConnell,1610612754.0,Indiana,Pacers,IND,0,0,,,,,,1
0022400247,188,1,76,2,8:14 PM,9:47,,,McConnell 1' Running Finger Roll Layup (4 PTS) (Jackson 1 AST),35 - 38,3,5,204456,T.J. McConnell,1610612754.0,Indiana,Pacers,IND,5,1631245,Quenton Jackson,1610612754.0,Indiana,Pacers,IND,0,0,,,,,,1
0022400247,190,9,1,2,8:14 PM,9:47,RAPTORS Timeout: Regular (Full 2 Short 0),,,,,2,1610612761,,,,,,0,0,,,,,,0,0,,,,,,0
0022400247,191,8,0,2,8:14 PM,9:47,SUB: Mitchell FOR Shead,,,,,4,1642347,Jamal Shead,1610612761.0,Toronto,Raptors,TOR,4,1630558,Davion Mitchell,1610612761.0,Toronto,Raptors,TOR,0,0,,,,,,0
0022400247,192,8,0,2,8:14 PM,9:47,SUB: Poeltl FOR Boucher,,,,,4,1628449,Chris Boucher,1610612761.0,Toronto,Raptors,TOR,4,1627751,Jakob Poeltl,1610612761.0,Toronto,Raptors,TOR,0,0,,,,,,0
0022400247,195,5,1,2,8:17 PM,9:29,Barrett Bad Pass Turnover (P1.T4),,McConnell STEAL (2 STL),,,4,1629628,RJ Barrett,1610612761.0,Toronto,Raptors,TOR,5,204456,T.J. McConnell,1610612754.0,Indiana,Pacers,IND,0,0,,,,,,1
0022400247,197,1,41,2,8:17 PM,9:26,,,Siakam 1' Running Layup (9 PTS) (McConnell 2 AST),37 - 38,1,5,1627783,Pascal Siakam,1610612754.0,Indiana,Pacers,IND,5,204456,T.J. McConnell,1610612754.0,Indiana,Pacers,IND,0,0,,,,,,1
0022400247,199,2,75,2,8:18 PM,9:16,MISS Barrett 2' Driving Finger Roll Layup,,,,,4,1629628,RJ Barrett,1610612761.0,Toronto,Raptors,TOR,0,0,,,,,,0,0,,,,,,1
0022400247,200,4,0,2,8:18 PM,9:13,Poeltl REBOUND (Off:1 Def:2),,,,,4,1627751,Jakob Poeltl,1610612761.0,Toronto,Raptors,TOR,0,0,,,,,,0,0,,,,,,1
0022400247,201,2,97,2,8:18 PM,9:13,MISS Poeltl Tip Layup Shot,,,,,4,1627751,Jakob Poeltl,1610612761.0,Toronto,Raptors,TOR,0,0,,,,,,0,0,,,,,,1
0022400247,202,4,0,2,8:18 PM,9:12,Poeltl REBOUND (Off:2 Def:2),,,,,4,1627751,Jakob Poeltl,1610612761.0,Toronto,Raptors,TOR,0,0,,,,,,0,0,,,,,,1
0022400247,203,2,72,2,8:18 PM,9:11,MISS Poeltl Putback Layup,,,,,4,1627751,Jakob Poeltl,1610612761.0,Toronto,Raptors,TOR,0,0,,,,,,0,0,,,,,,1
0022400247,204,4,0,2,8:18 PM,9:10,Poeltl REBOUND (Off:3 Def:2),,,,,4,1627751,Jakob Poeltl,1610612761.0,Toronto,Raptors,TOR,0,0,,,,,,0,0,,,,,,1
0022400247,205,1,72,2,8:18 PM,9:09,Poeltl Putback Layup (6 PTS),,,37 - 40,3,4,1627751,Jakob Poeltl,1610612761.0,Toronto,Raptors,TOR,0,0,,,,,,0,0,,,,,,1
0022400247,206,2,102,2,8:18 PM,8:56,,,MISS McConnell 6' Driving Floating Bank Jump Shot,,,5,204456,T.J. McConnell,1610612754.0,Indiana,Pacers,IND,0,0,,,,,,0,0,,,,,,1
0022400247,207,4,0,2,8:18 PM,8:54,Poeltl REBOUND (Off:3 Def:3),,,,,4,1627751,Jakob Poeltl,1610612761.0,Toronto,Raptors,TOR,0,0,,,,,,0,0,,,,,,1
0022400247,208,2,1,2,8:18 PM,8:48,MISS Battle 3PT Jump Shot,,,,,4,1642419,Jamison Battle,1610612761.0,Toronto,Raptors,TOR,0,0,,,,,,0,0,,,,,,1
0022400247,209,4,0,2,8:18 PM,8:45,,,McConnell REBOUND (Off:0 Def:1),,,5,204456,T.J. McConnell,1610612754.0,Indiana,Pacers,IND,0,0,,,,,,0,0,,,,,,1
0022400247,210,6,26,2,8:18 PM,8:43,,,Mathurin Offensive Charge Foul (P1) (J.Capers),,,5,1631097,Bennedict Mathurin,1610612754.0,Indiana,Pacers,IND,4,1630558,Davion Mitchell,1610612761.0,Toronto,Raptors,TOR,1,0,,,,,,1
0022400247,212,5,37,2,8:18 PM,8:43,,,Mathurin Offensive Foul Turnover (P3.T6),,,5,1631097,Bennedict Mathurin,1610612754.0,Indiana,Pacers,IND,0,0,,,,,,1,0,,,,,,1
0022400247,213,8,0,2,8:18 PM,8:43,SUB: Dick FOR Barrett,,,,,4,1629628,RJ Barrett,1610612761.0,Toronto,Raptors,TOR,4,1641711,Gradey Dick,1610612761.0,Toronto,Raptors,TOR,0,0,,,,,,0
0022400247,214,8,0,2,8:18 PM,8:43,,,SUB: Walker FOR Mathurin,,,5,1631097,Bennedict Mathurin,1610612754.0,Indiana,Pacers,IND,5,1641716,Jarace Walker,1610612754.0,Indiana,Pacers,IND,0,0,,,,,,0
0022400247,217,5,13,2,8:19 PM,8:27,Poeltl Backcourt Turnover (P1.T5),,,,,4,1627751,Jakob Poeltl,1610612761.0,Toronto,Raptors,TOR,0,0,,,,,,1,0,,,,,,1
0022400247,218,2,1,2,8:19 PM,8:15,,,MISS McConnell 24' 3PT Jump Shot,,,5,204456,T.J. McConnell,1610612754.0,Indiana,Pacers,IND,0,0,,,,,,0,0,,,,,,1
0022400247,219,4,0,2,8:19 PM,8:13,Battle REBOUND (Off:0 Def:1),,,,,4,1642419,Jamison Battle,1610612761.0,Toronto,Raptors,TOR,0,0,,,,,,0,0,,,,,,1
0022400247,220,5,1,2,8:19 PM,8:05,Dick Bad Pass Turnover (P1.T6),,Freeman STEAL (1 STL),,,4,1641711,Gradey Dick,1610612761.0,Toronto,Raptors,TOR,5,1642402,Enrique Freeman,1610612754.0,Indiana,Pacers,IND,0,0,,,,,,1
0022400247,222,1,50,2,8:19 PM,8:00,,,Jackson Running Dunk (5 PTS) (Siakam 3 AST),39 - 40,1,5,1631245,Quenton Jackson,1610612754.0,Indiana,Pacers,IND,5,1627783,Pascal Siakam,1610612754.0,Indiana,Pacers,IND,0,0,,,,,,1
0022400247,224,2,98,2,8:20 PM,7:40,MISS Battle 5' Cutting Layup Shot,,,,,4,1642419,Jamison Battle,1610612761.0,Toronto,Raptors,TOR,0,0,,,,,,0,0,,,,,,1
0022400247,226,4,0,2,8:20 PM,7:38,,,Siakam REBOUND (Off:3 Def:2),,,5,1627783,Pascal Siakam,1610612754.0,Indiana,Pacers,IND,0,0,,,,,,0,0,,,,,,1
0022400247,227,1,41,2,8:20 PM,7:33,,,Siakam 3' Running Layup (11 PTS) (Jackson 2 AST),41 - 40,-1,5,1627783,Pascal Siakam,1610612754.0,Indiana,Pacers,IND,5,1631245,Quenton Jackson,1610612754.0,Indiana,Pacers,IND,0,0,,,,,,1
0022400247,229,9,1,2,8:20 PM,7:33,RAPTORS Timeout: Regular (Full 3 Short 0),,,,,2,1610612761,,,,,,0,0,,,,,,0,0,,,,,,0
0022400247,230,8,0,2,8:20 PM,7:33,SUB: Temple FOR Mogbo,,,,,4,1642367,Jonathan Mogbo,1610612761.0,Toronto,Raptors,TOR,4,202066,Garrett Temple,1610612761.0,Toronto,Raptors,TOR,0,0,,,,,,0
0022400247,231,8,0,2,8:20 PM,7:33,SUB: Agbaji FOR Battle,,,,,4,1642419,Jamison Battle,1610612761.0,Toronto,Raptors,TOR,4,1630534,Ochai Agbaji,1610612761.0,Toronto,Raptors,TOR,0,0,,,,,,0
0022400247,232,8,0,2,8:20 PM,7:33,,,SUB: Haliburton FOR McConnell,,,5,204456,T.J. McConnell,1610612754.0,Indiana,Pacers,IND,5,1630169,Tyrese Haliburton,1610612754.0,Indiana,Pacers,IND,0,0,,,,,,0
0022400247,233,8,0,2,8:20 PM,7:33,,,SUB: Toppin FOR Siakam,,,5,1627783,Pascal Siakam,1610612754.0,Indiana,Pacers,IND,5,1630167,Obi Toppin,1610612754.0,Indiana,Pacers,IND,0,0,,,,,,0
0022400247,238,1,71,2,8:23 PM,7:15,Poeltl 2' Finger Roll Layup (8 PTS),,,41 - 42,1,4,1627751,Jakob Poeltl,1610612761.0,Toronto,Raptors,TOR,0,0,,,,,,0,0,,,,,,1
0022400247,240,6,2,2,8:23 PM,7:15,,,Freeman S.FOUL (P1.T1) (N.Sago),,,5,1642402,Enrique Freeman,1610612754.0,Indiana,Pacers,IND,4,1627751,Jakob Poeltl,1610612761.0,Toronto,Raptors,TOR,1,0,,,,,,1
0022400247,242,3,10,2,8:24 PM,7:15,Poeltl Free Throw 1 of 1 (9 PTS),,,41 - 43,2,4,1627751,Jakob Poeltl,1610612761.0,Toronto,Raptors,TOR,0,0,,,,,,0,0,,,,,,1
0022400247,243,2,66,2,8:24 PM,7:02,,,MISS Jackson 26' 3PT Jump Bank Shot,,,5,1631245,Quenton Jackson,1610612754.0,Indiana,Pacers,IND,0,0,,,,,,0,0,,,,,,1
0022400247,244,4,0,2,8:24 PM,7:00,Agbaji REBOUND (Off:1 Def:1),,,,,4,1630534,Ochai Agbaji,1610612761.0,Toronto,Raptors,TOR,0,0,,,,,,0,0,,,,,,1
0022400247,245,1,1,2,8:24 PM,6:51,Dick 24' 3PT Jump Shot (8 PTS) (Agbaji 3 AST),,,41 - 46,5,4,1641711,Gradey Dick,1610612761.0,Toronto,Raptors,TOR,4,1630534,Ochai Agbaji,1610612761.0,Toronto,Raptors,TOR,0,0,,,,,,1
0022400247,247,2,5,2,8:24 PM,6:33,Poeltl BLOCK (1 BLK),,MISS Freeman 2' Layup,,,5,1642402,Enrique Freeman,1610612754.0,Indiana,Pacers,IND,0,0,,,,,,4,1627751,Jakob Poeltl,1610612761.0,Toronto,Raptors,TOR,1
0022400247,249,4,0,2,8:24 PM,6:33,RAPTORS Rebound,,,,,2,1610612761,,,,,,0,0,,,,,,0,0,,,,,,0
0022400247,251,6,4,2,8:25 PM,6:23,Poeltl OFF.Foul (P1) (N.Sago),,,,,4,1627751,Jakob Poeltl,1610612761.0,Toronto,Raptors,TOR,5,1631245,Quenton Jackson,1610612754.0,Indiana,Pacers,IND,1,0,,,,,,1
0022400247,253,5,37,2,8:25 PM,6:23,Poeltl Offensive Foul Turnover (P2.T7),,,,,4,1627751,Jakob Poeltl,1610612761.0,Toronto,Raptors,TOR,0,0,,,,,,1,0,,,,,,1
0022400247,254,2,79,2,8:25 PM,6:10,,,MISS Walker 16' Pullup Jump Shot,,,5,1641716,Jarace Walker,1610612754.0,Indiana,Pacers,IND,0,0,,,,,,0,0,,,,,,1
0022400247,255,4,0,2,8:25 PM,6:10,,,Pacers Rebound,,,3,1610612754,,,,,,0,0,,,,,,0,0,,,,,,0
0022400247,256,6,3,2,8:25 PM,6:10,Temple L.B.FOUL (P1.T2) (N.Sago),,,,,4,202066,Garrett Temple,1610612761.0,Toronto,Raptors,TOR,5,1630167,Obi Toppin,1610612754.0,Indiana,Pacers,IND,1,0,,,,,,1
0022400247,258,2,3,2,8:26 PM,5:58,,,MISS Freeman 5' Hook Shot,,,5,1642402,Enrique Freeman,1610612754.0,Indiana,Pacers,IND,0,0,,,,,,0,0,,,,,,1
0022400247,259,4,0,2,8:26 PM,5:56,Poeltl REBOUND (Off:3 Def:4),,,,,4,1627751,Jakob Poeltl,1610612761.0,Toronto,Raptors,TOR,0,0,,,,,,0,0,,,,,,1
0022400247,260,2,102,2,8:26 PM,5:51,MISS Temple 6' Driving Floating Bank Jump Shot,,,,,4,202066,Garrett Temple,1610612761.0,Toronto,Raptors,TOR,0,0,,,,,,0,0,,,,,,1
0022400247,261,4,0,2,8:26 PM,5:50,,,Walker REBOUND (Off:0 Def:3),,,5,1641716,Jarace Walker,1610612754.0,Indiana,Pacers,IND,0,0,,,,,,0,0,,,,,,1
0022400247,262,5,2,2,8:26 PM,5:49,Poeltl STEAL (1 STL),,Walker Lost Ball Turnover (P1.T7),,,5,1641716,Jarace Walker,1610612754.0,Indiana,Pacers,IND,4,1627751,Jakob Poeltl,1610612761.0,Toronto,Raptors,TOR,0,0,,,,,,1
0022400247,264,1,5,2,8:26 PM,5:49,Poeltl Layup (11 PTS),,,41 - 48,7,4,1627751,Jakob Poeltl,1610612761.0,Toronto,Raptors,TOR,0,0,,,,,,0,0,,,,,,1
0022400247,265,6,2,2,8:26 PM,5:49,,,Freeman S.FOUL (P2.T2) (N.Sago),,,5,1642402,Enrique Freeman,1610612754.0,Indiana,Pacers,IND,4,1627751,Jakob Poeltl,1610612761.0,Toronto,Raptors,TOR,1,0,,,,,,1
0022400247,267,8,0,2,8:26 PM,5:49,,,SUB: Siakam FOR Jackson,,,5,1631245,Quenton Jackson,1610612754.0,Indiana,Pacers,IND,5,1627783,Pascal Siakam,1610612754.0,Indiana,Pacers,IND,0,0,,,,,,0
0022400247,269,8,0,2,8:26 PM,5:49,,,SUB: Mathurin FOR Freeman,,,5,1642402,Enrique Freeman,1610612754.0,Indiana,Pacers,IND,5,1631097,Bennedict Mathurin,1610612754.0,Indiana,Pacers,IND,0,0,,,,,,0
0022400247,271,3,10,2,8:27 PM,5:49,Poeltl Free Throw 1 of 1 (12 PTS),,,41 - 49,8,4,1627751,Jakob Poeltl,1610612761.0,Toronto,Raptors,TOR,0,0,,,,,,0,0,,,,,,1
0022400247,272,2,101,2,8:27 PM,5:30,Poeltl BLOCK (2 BLK),,MISS Siakam 12' Driving Floating Jump Shot,,,5,1627783,Pascal Siakam,1610612754.0,Indiana,Pacers,IND,0,0,,,,,,4,1627751,Jakob Poeltl,1610612761.0,Toronto,Raptors,TOR,1
0022400247,273,4,0,2,8:27 PM,5:29,,,Siakam REBOUND (Off:4 Def:2),,,5,1627783,Pascal Siakam,1610612754.0,Indiana,Pacers,IND,0,0,,,,,,0,0,,,,,,1
0022400247,274,1,1,2,8:27 PM,5:27,,,Toppin 26' 3PT Jump Shot (5 PTS) (Siakam 4 AST),44 - 49,5,5,1630167,Obi Toppin,1610612754.0,Indiana,Pacers,IND,5,1627783,Pascal Siakam,1610612754.0,Indiana,Pacers,IND,0,0,,,,,,1
0022400247,277,1,1,2,8:27 PM,5:18,Dick 26' 3PT Jump Shot (11 PTS) (Temple 1 AST),,,44 - 52,8,4,1641711,Gradey Dick,1610612761.0,Toronto,Raptors,TOR,4,202066,Garrett Temple,1610612761.0,Toronto,Raptors,TOR,0,0,,,,,,1
0022400247,278,1,1,2,8:27 PM,5:04,,,Haliburton 25' 3PT Jump Shot (5 PTS) (Mathurin 1 AST),47 - 52,5,5,1630169,Tyrese Haliburton,1610612754.0,Indiana,Pacers,IND,5,1631097,Bennedict Mathurin,1610612754.0,Indiana,Pacers,IND,0,0,,,,,,1
0022400247,281,1,1,2,8:28 PM,4:49,Temple 25' 3PT Jump Shot (3 PTS) (Agbaji 4 AST),,,47 - 55,8,4,202066,Garrett Temple,1610612761.0,Toronto,Raptors,TOR,4,1630534,Ochai Agbaji,1610612761.0,Toronto,Raptors,TOR,0,0,,,,,,1
0022400247,283,9,1,2,8:28 PM,4:48,,,Pacers Timeout: Regular (Reg.2 Short 0),,,3,1610612754,,,,,,0,0,,,,,,0,0,,,,,,0
0022400247,284,8,0,2,8:28 PM,4:48,SUB: Barrett FOR Agbaji,,,,,4,1630534,Ochai Agbaji,1610612761.0,Toronto,Raptors,TOR,4,1629628,RJ Barrett,1610612761.0,Toronto,Raptors,TOR,0,0,,,,,,0
0022400247,286,5,2,2,8:30 PM,4:28,Temple STEAL (1 STL),,Walker Lost Ball Turnover (P2.T8),,,5,1641716,Jarace Walker,1610612754.0,Indiana,Pacers,IND,4,202066,Garrett Temple,1610612761.0,Toronto,Raptors,TOR,0,0,,,,,,1
0022400247,288,1,41,2,8:30 PM,4:23,Poeltl 2' Running Layup (14 PTS) (Temple 2 AST),,,47 - 57,10,4,1627751,Jakob Poeltl,1610612761.0,Toronto,Raptors,TOR,4,202066,Garrett Temple,1610612761.0,Toronto,Raptors,TOR,0,0,,,,,,1
0022400247,290,2,80,2,8:30 PM,4:10,,,MISS Toppin 24' 3PT Step Back Jump Shot,,,5,1630167,Obi Toppin,1610612754.0,Indiana,Pacers,IND,0,0,,,,,,0,0,,,,,,1
0022400247,291,4,0,2,8:30 PM,4:07,Temple REBOUND (Off:0 Def:1),,,,,4,202066,Garrett Temple,1610612761.0,Toronto,Raptors,TOR,0,0,,,,,,0,0,,,,,,1
0022400247,292,1,58,2,8:30 PM,3:59,Barrett 5' Turnaround Hook Shot (13 PTS),,,47 - 59,12,4,1629628,RJ Barrett,1610612761.0,Toronto,Raptors,TOR,0,0,,,,,,0,0,,,,,,1
0022400247,293,5,2,2,8:30 PM,3:43,Temple STEAL (2 STL),,Mathurin Lost Ball Turnover (P4.T9),,,5,1631097,Bennedict Mathurin,1610612754.0,Indiana,Pacers,IND,4,202066,Garrett Temple,1610612761.0,Toronto,Raptors,TOR,0,0,,,,,,1
0022400247,295,1,41,2,8:30 PM,3:39,Dick 2' Running Layup (13 PTS) (Poeltl 2 AST),,,47 - 61,14,4,1641711,Gradey Dick,1610612761.0,Toronto,Raptors,TOR,4,1627751,Jakob Poeltl,1610612761.0,Toronto,Raptors,TOR,0,0,,,,,,1
0022400247,297,9,1,2,8:30 PM,3:39,,,Pacers Timeout: Regular (Reg.3 Short 0),,,3,1610612754,,,,,,0,0,,,,,,0,0,,,,,,0
0022400247,299,8,0,2,8:31 PM,3:39,,,SUB: McConnell FOR Mathurin,,,5,1631097,Bennedict Mathurin,1610612754.0,Indiana,Pacers,IND,5,204456,T.J. McConnell,1610612754.0,Indiana,Pacers,IND,0,0,,,,,,0
0022400247,300,8,0,2,8:31 PM,3:39,,,SUB: Furphy FOR Walker,,,5,1641716,Jarace Walker,1610612754.0,Indiana,Pacers,IND,5,1642277,Johnny Furphy,1610612754.0,Indiana,Pacers,IND,0,0,,,,,,0
0022400247,303,1,47,2,8:32 PM,3:23,,,Haliburton 11' Turnaround Jump Shot (7 PTS),49 - 61,12,5,1630169,Tyrese Haliburton,1610612754.0,Indiana,Pacers,IND,0,0,,,,,,0,0,,,,,,1
0022400247,304,6,2,2,8:32 PM,3:07,,,Siakam S.FOUL (P1.T3) (J.Capers),,,5,1627783,Pascal Siakam,1610612754.0,Indiana,Pacers,IND,4,1629628,RJ Barrett,1610612761.0,Toronto,Raptors,TOR,1,0,,,,,,1
0022400247,306,3,11,2,8:33 PM,3:07,Barrett Free Throw 1 of 2 (14 PTS),,,49 - 62,13,4,1629628,RJ Barrett,1610612761.0,Toronto,Raptors,TOR,0,0,,,,,,0,0,,,,,,1
0022400247,307,3,12,2,8:33 PM,3:07,Barrett Free Throw 2 of 2 (15 PTS),,,49 - 63,14,4,1629628,RJ Barrett,1610612761.0,Toronto,Raptors,TOR,0,0,,,,,,0,0,,,,,,0
0022400247,308,2,71,2,8:33 PM,2:50,,,MISS McConnell 5' Finger Roll Layup,,,5,204456,T.J. McConnell,1610612754.0,Indiana,Pacers,IND,0,0,,,,,,0,0,,,,,,1
0022400247,309,4,0,2,8:33 PM,2:48,Temple REBOUND (Off:0 Def:2),,,,,4,202066,Garrett Temple,1610612761.0,Toronto,Raptors,TOR,0,0,,,,,,0,0,,,,,,1
0022400247,310,2,41,2,8:33 PM,2:44,MISS Barrett 4' Running Layup,,Haliburton BLOCK (2 BLK),,,4,1629628,RJ Barrett,1610612761.0,Toronto,Raptors,TOR,0,0,,,,,,5,1630169,Tyrese Haliburton,1610612754.0,Indiana,Pacers,IND,1
0022400247,312,4,0,2,8:33 PM,2:43,RAPTORS Rebound,,,,,2,1610612761,,,,,,0,0,,,,,,0,0,,,,,,1
0022400247,353,7,5,2,8:33 PM,2:43,,,Toppin Violation:Kicked Ball (R.Hussey),,,5,1630167,Obi Toppin,1610612754.0,Indiana,Pacers,IND,0,0,,,,,,1,0,,,,,,0
0022400247,314,1,99,2,8:34 PM,2:33,Poeltl Cutting Finger Roll Layup Shot (16 PTS) (Mitchell 2 AST),,,49 - 65,16,4,1627751,Jakob Poeltl,1610612761.0,Toronto,Raptors,TOR,4,1630558,Davion Mitchell,1610612761.0,Toronto,Raptors,TOR,0,0,,,,,,1
0022400247,316,2,78,2,8:34 PM,2:11,,,MISS Haliburton 15' Floating Jump Shot,,,5,1630169,Tyrese Haliburton,1610612754.0,Indiana,Pacers,IND,0,0,,,,,,0,0,,,,,,1
0022400247,317,4,0,2,8:34 PM,2:09,Poeltl REBOUND (Off:3 Def:5),,,,,4,1627751,Jakob Poeltl,1610612761.0,Toronto,Raptors,TOR,0,0,,,,,,0,0,,,,,,1
0022400247,318,5,1,2,8:34 PM,2:06,Poeltl Bad Pass Turnover (P3.T8),,McConnell STEAL (3 STL),,,4,1627751,Jakob Poeltl,1610612761.0,Toronto,Raptors,TOR,5,204456,T.J. McConnell,1610612754.0,Indiana,Pacers,IND,0,0,,,,,,1
0022400247,320,6,1,2,8:35 PM,2:04,Mitchell P.FOUL (P1.T3) (R.Hussey),,,,,4,1630558,Davion Mitchell,1610612761.0,Toronto,Raptors,TOR,5,1642277,Johnny Furphy,1610612754.0,Indiana,Pacers,IND,1,0,,,,,,1
0022400247,322,8,0,2,8:35 PM,2:04,SUB: Agbaji FOR Temple,,,,,4,202066,Garrett Temple,1610612761.0,Toronto,Raptors,TOR,4,1630534,Ochai Agbaji,1610612761.0,Toronto,Raptors,TOR,0,0,,,,,,0
0022400247,324,2,101,2,8:35 PM,1:58,,,MISS Haliburton 10' Driving Floating Jump Shot,,,5,1630169,Tyrese Haliburton,1610612754.0,Indiana,Pacers,IND,0,0,,,,,,0,0,,,,,,1
0022400247,325,4,0,2,8:35 PM,1:56,,,Haliburton REBOUND (Off:2 Def:0),,,5,1630169,Tyrese Haliburton,1610612754.0,Indiana,Pacers,IND,0,0,,,,,,0,0,,,,,,1
0022400247,326,2,75,2,8:35 PM,1:51,Agbaji BLOCK (1 BLK),,MISS McConnell 5' Driving Finger Roll Layup,,,5,204456,T.J. McConnell,1610612754.0,Indiana,Pacers,IND,0,0,,,,,,4,1630534,Ochai Agbaji,1610612761.0,Toronto,Raptors,TOR,1
0022400247,328,4,0,2,8:35 PM,1:51,,,Pacers Rebound,,,3,1610612754,,,,,,0,0,,,,,,0,0,,,,,,1
0022400247,329,6,3,2,8:35 PM,1:51,Poeltl L.B.FOUL (P2.T4) (J.Capers),,,,,4,1627751,Jakob Poeltl,1610612761.0,Toronto,Raptors,TOR,5,1642277,Johnny Furphy,1610612754.0,Indiana,Pacers,IND,1,0,,,,,,1
0022400247,331,8,0,2,8:35 PM,1:51,SUB: Shead FOR Mitchell,,,,,4,1630558,Davion Mitchell,1610612761.0,Toronto,Raptors,TOR,4,1642347,Jamal Shead,1610612761.0,Toronto,Raptors,TOR,0,0,,,,,,0
0022400247,333,2,1,2,8:36 PM,1:45,,,MISS Haliburton 27' 3PT Jump Shot,,,5,1630169,Tyrese Haliburton,1610612754.0,Indiana,Pacers,IND,0,0,,,,,,0,0,,,,,,1
0022400247,334,4,0,2,8:36 PM,1:41,Dick REBOUND (Off:0 Def:2),,,,,4,1641711,Gradey Dick,1610612761.0,Toronto,Raptors,TOR,0,0,,,,,,0,0,,,,,,1
0022400247,335,6,1,2,8:36 PM,1:35,,,Haliburton P.FOUL (P1.T4) (N.Sago),,,5,1630169,Tyrese Haliburton,1610612754.0,Indiana,Pacers,IND,4,1642347,Jamal Shead,1610612761.0,Toronto,Raptors,TOR,1,0,,,,,,1
0022400247,337,8,0,2,8:36 PM,1:35,,,SUB: Mathurin FOR Furphy,,,5,1642277,Johnny Furphy,1610612754.0,Indiana,Pacers,IND,5,1631097,Bennedict Mathurin,1610612754.0,Indiana,Pacers,IND,0,0,,,,,,0
0022400247,339,1,73,2,8:36 PM,1:26,Barrett Driving Reverse Layup (17 PTS),,,49 - 67,18,4,1629628,RJ Barrett,1610612761.0,Toronto,Raptors,TOR,0,0,,,,,,0,0,,,,,,1
0022400247,340,1,1,2,8:37 PM,1:10,,,Mathurin 3PT Jump Shot (8 PTS) (Toppin 2 AST),52 - 67,15,5,1631097,Bennedict Mathurin,1610612754.0,Indiana,Pacers,IND,5,1630167,Obi Toppin,1610612754.0,Indiana,Pacers,IND,0,0,,,,,,1
0022400247,342,5,1,2,8:37 PM,0:56,Poeltl Bad Pass Turnover (P4.T9),,Haliburton STEAL (3 STL),,,4,1627751,Jakob Poeltl,1610612761.0,Toronto,Raptors,TOR,5,1630169,Tyrese Haliburton,1610612754.0,Indiana,Pacers,IND,0,0,,,,,,1
0022400247,344,1,99,2,8:37 PM,0:43,,,Siakam 5' Cutting Finger Roll Layup Shot (13 PTS) (Haliburton 3 AST),54 - 67,13,5,1627783,Pascal Siakam,1610612754.0,Indiana,Pacers,IND,5,1630169,Tyrese Haliburton,1610612754.0,Indiana,Pacers,IND,0,0,,,,,,1
0022400247,346,1,98,2,8:37 PM,0:30,Poeltl 1' Cutting Layup Shot (18 PTS) (Barrett 4 AST),,,54 - 69,15,4,1627751,Jakob Poeltl,1610612761.0,Toronto,Raptors,TOR,4,1629628,RJ Barrett,1610612761.0,Toronto,Raptors,TOR,0,0,,,,,,1
0022400247,348,1,1,2,8:38 PM,0:12,,,Mathurin 27' 3PT Jump Shot (11 PTS) (McConnell 3 AST),57 - 69,12,5,1631097,Bennedict Mathurin,1610612754.0,Indiana,Pacers,IND,5,204456,T.J. McConnell,1610612754.0,Indiana,Pacers,IND,0,0,,,,,,1
0022400247,350,2,80,2,8:38 PM,0:00,MISS Barrett 28' 3PT Step Back Jump Shot,,,,,4,1629628,RJ Barrett,1610612761.0,Toronto,Raptors,TOR,0,0,,,,,,0,0,,,,,,1
0022400247,351,4,0,2,8:38 PM,0:00,RAPTORS Rebound,,,,,2,1610612761,,,,,,0,0,,,,,,0,0,,,,,,0
0022400247,352,13,0,2,8:38 PM,0:00,,End of 2nd Period (8:38 PM EST),,57 - 69,12,0,0,,,,,,0,0,,,,,,0,0,,,,,,1
0022400247,360,12,0,3,8:53 PM,12:00,,Start of 3rd Period (8:53 PM EST),,57 - 69,12,0,0,,,,,,0,0,,,,,,0,0,,,,,,0
0022400247,361,2,79,3,8:54 PM,11:46,,,MISS Haliburton 13' Pullup Jump Shot,,,5,1630169,Tyrese Haliburton,1610612754.0,Indiana,Pacers,IND,0,0,,,,,,0,0,,,,,,1
0022400247,362,4,0,3,8:54 PM,11:44,Poeltl REBOUND (Off:3 Def:6),,,,,4,1627751,Jakob Poeltl,1610612761.0,Toronto,Raptors,TOR,0,0,,,,,,0,0,,,,,,1
0022400247,363,2,1,3,8:54 PM,11:25,MISS Dick 3PT Jump Shot,,,,,4,1641711,Gradey Dick,1610612761.0,Toronto,Raptors,TOR,0,0,,,,,,0,0,,,,,,1
0022400247,364,4,0,3,8:54 PM,11:23,,,Haliburton REBOUND (Off:2 Def:1),,,5,1630169,Tyrese Haliburton,1610612754.0,Indiana,Pacers,IND,0,0,,,,,,0,0,,,,,,1
0022400247,365,2,1,3,8:54 PM,11:14,,,MISS Walker 25' 3PT Jump Shot,,,5,1641716,Jarace Walker,1610612754.0,Indiana,Pacers,IND,0,0,,,,,,0,0,,,,,,1
0022400247,366,4,0,3,8:54 PM,11:11,Agbaji REBOUND (Off:1 Def:2),,,,,4,1630534,Ochai Agbaji,1610612761.0,Toronto,Raptors,TOR,0,0,,,,,,0,0,,,,,,1
0022400247,367,2,5,3,8:54 PM,11:06,MISS Agbaji 4' Layup,,Mathurin BLOCK (1 BLK),,,4,1630534,Ochai Agbaji,1610612761.0,Toronto,Raptors,TOR,0,0,,,,,,5,1631097,Bennedict Mathurin,1610612754.0,Indiana,Pacers,IND,1
0022400247,369,4,0,3,8:54 PM,11:04,Barrett REBOUND (Off:1 Def:2),,,,,4,1629628,RJ Barrett,1610612761.0,Toronto,Raptors,TOR,0,0,,,,,,0,0,,,,,,1
0022400247,370,1,1,3,8:54 PM,11:00,Barrett 3PT Jump Shot (20 PTS),,,57 - 72,15,4,1629628,RJ Barrett,1610612761.0,Toronto,Raptors,TOR,0,0,,,,,,0,0,,,,,,1
0022400247,371,5,1,3,8:55 PM,10:58,Poeltl STEAL (2 STL),,Haliburton Bad Pass Turnover (P1.T10),,,5,1630169,Tyrese Haliburton,1610612754.0,Indiana,Pacers,IND,4,1627751,Jakob Poeltl,1610612761.0,Toronto,Raptors,TOR,0,0,,,,,,1
0022400247,373,1,75,3,8:55 PM,10:45,Mitchell 1' Driving Finger Roll Layup (4 PTS),,,57 - 74,17,4,1630558,Davion Mitchell,1610612761.0,Toronto,Raptors,TOR,0,0,,,,,,0,0,,,,,,1
0022400247,374,9,1,3,8:55 PM,10:45,,,Pacers Timeout: Regular (Reg.4 Short 0),,,3,1610612754,,,,,,0,0,,,,,,0,0,,,,,,0
0022400247,375,1,1,3,8:58 PM,10:24,,,Siakam 13' Jump Shot (15 PTS),59 - 74,15,5,1627783,Pascal Siakam,1610612754.0,Indiana,Pacers,IND,0,0,,,,,,0,0,,,,,,1
0022400247,377,1,96,3,8:58 PM,9:57,Poeltl 8' Turnaround Bank Hook Shot (20 PTS) (Mitchell 3 AST),,,59 - 76,17,4,1627751,Jakob Poeltl,1610612761.0,Toronto,Raptors,TOR,4,1630558,Davion Mitchell,1610612761.0,Toronto,Raptors,TOR,0,0,,,,,,1
0022400247,379,6,1,3,8:59 PM,9:41,Mitchell P.FOUL (P2.T1) (J.Capers),,,,,4,1630558,Davion Mitchell,1610612761.0,Toronto,Raptors,TOR,5,1642402,Enrique Freeman,1610612754.0,Indiana,Pacers,IND,1,0,,,,,,1
0022400247,381,1,80,3,8:59 PM,9:33,,,Siakam 18' Step Back Jump Shot (17 PTS),61 - 76,15,5,1627783,Pascal Siakam,1610612754.0,Indiana,Pacers,IND,0,0,,,,,,0,0,,,,,,1
0022400247,382,1,108,3,8:59 PM,9:20,Poeltl 1' Cutting Dunk Shot (22 PTS) (Dick 2 AST),,,61 - 78,17,4,1627751,Jakob Poeltl,1610612761.0,Toronto,Raptors,TOR,4,1641711,Gradey Dick,1610612761.0,Toronto,Raptors,TOR,0,0,,,,,,1
0022400247,384,2,79,3,9:00 PM,8:56,,,MISS Siakam 15' Pullup Jump Shot,,,5,1627783,Pascal Siakam,1610612754.0,Indiana,Pacers,IND,0,0,,,,,,0,0,,,,,,1
0022400247,385,4,0,3,9:00 PM,8:53,Agbaji REBOUND (Off:1 Def:3),,,,,4,1630534,Ochai Agbaji,1610612761.0,Toronto,Raptors,TOR,0,0,,,,,,0,0,,,,,,1
0022400247,386,2,57,3,9:00 PM,8:36,MISS Poeltl 8' Driving Hook Shot,,,,,4,1627751,Jakob Poeltl,1610612761.0,Toronto,Raptors,TOR,0,0,,,,,,0,0,,,,,,1
0022400247,387,4,0,3,9:00 PM,8:34,,,Siakam REBOUND (Off:4 Def:3),,,5,1627783,Pascal Siakam,1610612754.0,Indiana,Pacers,IND,0,0,,,,,,0,0,,,,,,1
0022400247,388,2,103,3,9:00 PM,8:31,,,MISS Mathurin 30' 3PT Running Pull-Up Jump Shot,,,5,1631097,Bennedict Mathurin,1610612754.0,Indiana,Pacers,IND,0,0,,,,,,0,0,,,,,,1
0022400247,389,4,0,3,9:00 PM,8:28,Barrett REBOUND (Off:1 Def:3),,,,,4,1629628,RJ Barrett,1610612761.0,Toronto,Raptors,TOR,0,0,,,,,,0,0,,,,,,1
0022400247,391,5,1,3,9:01 PM,8:15,Mitchell Bad Pass Turnover (P2.T10),,Siakam STEAL (1 STL),,,4,1630558,Davion Mitchell,1610612761.0,Toronto,Raptors,TOR,5,1627783,Pascal Siakam,1610612754.0,Indiana,Pacers,IND,0,0,,,,,,1
0022400247,393,2,2,3,9:01 PM,8:11,,,MISS Haliburton 27' 3PT Running Jump Shot,,,5,1630169,Tyrese Haliburton,1610612754.0,Indiana,Pacers,IND,0,0,,,,,,0,0,,,,,,1
0022400247,394,4,0,3,9:01 PM,8:08,,,Mathurin REBOUND (Off:2 Def:1),,,5,1631097,Bennedict Mathurin,1610612754.0,Indiana,Pacers,IND,0,0,,,,,,0,0,,,,,,1
0022400247,395,2,1,3,9:01 PM,8:06,,,MISS Walker 26' 3PT Jump Shot,,,5,1641716,Jarace Walker,1610612754.0,Indiana,Pacers,IND,0,0,,,,,,0,0,,,,,,1
0022400247,396,4,0,3,9:01 PM,8:02,Poeltl REBOUND (Off:3 Def:7),,,,,4,1627751,Jakob Poeltl,1610612761.0,Toronto,Raptors,TOR,0,0,,,,,,0,0,,,,,,1
0022400247,397,1,79,3,9:01 PM,7:56,Barrett 6' Pullup Jump Shot (22 PTS),,,61 - 80,19,4,1629628,RJ Barrett,1610612761.0,Toronto,Raptors,TOR,0,0,,,,,,0,0,,,,,,1
0022400247,398,2,102,3,9:01 PM,7:47,,,MISS Haliburton 20' Driving Floating Bank Jump Shot,,,5,1630169,Tyrese Haliburton,1610612754.0,Indiana,Pacers,IND,0,0,,,,,,0,0,,,,,,1
0022400247,399,4,0,3,9:01 PM,7:44,Barrett REBOUND (Off:1 Def:4),,,,,4,1629628,RJ Barrett,1610612761.0,Toronto,Raptors,TOR,0,0,,,,,,0,0,,,,,,1
0022400247,400,6,1,3,9:01 PM,7:40,,,Haliburton P.FOUL (P2.T1) (N.Sago),,,5,1630169,Tyrese Haliburton,1610612754.0,Indiana,Pacers,IND,4,1630558,Davion Mitchell,1610612761.0,Toronto,Raptors,TOR,1,0,,,,,,1
0022400247,402,6,4,3,9:02 PM,7:30,Agbaji OFF.Foul (P2) (R.Hussey),,,,,4,1630534,Ochai Agbaji,1610612761.0,Toronto,Raptors,TOR,5,1642402,Enrique Freeman,1610612754.0,Indiana,Pacers,IND,1,0,,,,,,1
0022400247,404,5,37,3,9:02 PM,7:30,Agbaji Offensive Foul Turnover (P1.T11),,,,,4,1630534,Ochai Agbaji,1610612761.0,Toronto,Raptors,TOR,0,0,,,,,,1,0,,,,,,1
0022400247,405,6,2,3,9:02 PM,7:17,Barrett S.FOUL (P2.T2) (R.Hussey),,,,,4,1629628,RJ Barrett,1610612761.0,Toronto,Raptors,TOR,5,1627783,Pascal Siakam,1610612754.0,Indiana,Pacers,IND,1,0,,,,,,1
0022400247,407,3,11,3,9:03 PM,7:17,,,Siakam Free Throw 1 of 2 (18 PTS),62 - 80,18,5,1627783,Pascal Siakam,1610612754.0,Indiana,Pacers,IND,0,0,,,,,,0,0,,,,,,1
0022400247,408,8,0,3,9:03 PM,7:17,SUB: Boucher FOR Barrett,,,,,4,1629628,RJ Barrett,1610612761.0,Toronto,Raptors,TOR,4,1628449,Chris Boucher,1610612761.0,Toronto,Raptors,TOR,0,0,,,,,,0
0022400247,410,3,12,3,9:03 PM,7:17,,,Siakam Free Throw 2 of 2 (19 PTS),63 - 80,17,5,1627783,Pascal Siakam,1610612754.0,Indiana,Pacers,IND,0,0,,,,,,0,0,,,,,,1
0022400247,411,5,2,3,9:04 PM,6:59,Dick Lost Ball Turnover (P2.T12),,Mathurin STEAL (1 STL),,,4,1641711,Gradey Dick,1610612761.0,Toronto,Raptors,TOR,5,1631097,Bennedict Mathurin,1610612754.0,Indiana,Pacers,IND,0,0,,,,,,1
0022400247,413,2,76,3,9:04 PM,6:54,,,MISS Mathurin 3' Running Finger Roll Layup,,,5,1631097,Bennedict Mathurin,1610612754.0,Indiana,Pacers,IND,0,0,,,,,,0,0,,,,,,1
0022400247,414,4,0,3,9:04 PM,6:52,Poeltl REBOUND (Off:3 Def:8),,,,,4,1627751,Jakob Poeltl,1610612761.0,Toronto,Raptors,TOR,0,0,,,,,,0,0,,,,,,1
0022400247,415,2,1,3,9:04 PM,6:40,MISS Boucher 25' 3PT Jump Shot,,,,,4,1628449,Chris Boucher,1610612761.0,Toronto,Raptors,TOR,0,0,,,,,,0,0,,,,,,1
0022400247,416,4,0,3,9:04 PM,6:37,,,Walker REBOUND (Off:0 Def:4),,,5,1641716,Jarace Walker,1610612754.0,Indiana,Pacers,IND,0,0,,,,,,0,0,,,,,,1
0022400247,417,2,79,3,9:04 PM,6:28,,,MISS Haliburton 31' 3PT Pullup Jump Shot,,,5,1630169,Tyrese Haliburton,1610612754.0,Indiana,Pacers,IND,0,0,,,,,,0,0,,,,,,1
0022400247,418,4,0,3,9:04 PM,6:23,Boucher REBOUND (Off:1 Def:2),,,,,4,1628449,Chris Boucher,1610612761.0,Toronto,Raptors,TOR,0,0,,,,,,0,0,,,,,,1
0022400247,419,1,103,3,9:04 PM,6:20,Mitchell 26' 3PT Running Pull-Up Jump Shot (7 PTS),,,63 - 83,20,4,1630558,Davion Mitchell,1610612761.0,Toronto,Raptors,TOR,0,0,,,,,,0,0,,,,,,1
0022400247,420,2,80,3,9:05 PM,6:05,,,MISS Siakam 21' Step Back Jump Shot,,,5,1627783,Pascal Siakam,1610612754.0,Indiana,Pacers,IND,0,0,,,,,,0,0,,,,,,1
0022400247,421,4,0,3,9:05 PM,6:01,Poeltl REBOUND (Off:3 Def:9),,,,,4,1627751,Jakob Poeltl,1610612761.0,Toronto,Raptors,TOR,0,0,,,,,,0,0,,,,,,1
0022400247,422,2,1,3,9:05 PM,5:50,MISS Dick 25' 3PT Jump Shot,,,,,4,1641711,Gradey Dick,1610612761.0,Toronto,Raptors,TOR,0,0,,,,,,0,0,,,,,,1
0022400247,423,4,0,3,9:05 PM,5:47,,,Freeman REBOUND (Off:1 Def:3),,,5,1642402,Enrique Freeman,1610612754.0,Indiana,Pacers,IND,0,0,,,,,,0,0,,,,,,1
0022400247,424,2,75,3,9:05 PM,5:34,Boucher BLOCK (3 BLK),,MISS Siakam 5' Driving Finger Roll Layup,,,5,1627783,Pascal Siakam,1610612754.0,Indiana,Pacers,IND,0,0,,,,,,4,1628449,Chris Boucher,1610612761.0,Toronto,Raptors,TOR,1
0022400247,426,4,0,3,9:05 PM,5:32,Boucher REBOUND (Off:1 Def:3),,,,,4,1628449,Chris Boucher,1610612761.0,Toronto,Raptors,TOR,0,0,,,,,,0,0,,,,,,1
0022400247,427,1,67,3,9:05 PM,5:26,Poeltl 1' Hook Bank Shot (24 PTS) (Agbaji 5 AST),,,63 - 85,22,4,1627751,Jakob Poeltl,1610612761.0,Toronto,Raptors,TOR,4,1630534,Ochai Agbaji,1610612761.0,Toronto,Raptors,TOR,0,0,,,,,,1
0022400247,429,9,1,3,9:05 PM,5:26,,,Pacers Timeout: Regular (Reg.5 Short 0),,,3,1610612754,,,,,,0,0,,,,,,0,0,,,,,,0
0022400247,430,8,0,3,9:06 PM,5:26,SUB: Temple FOR Agbaji,,,,,4,1630534,Ochai Agbaji,1610612761.0,Toronto,Raptors,TOR,4,202066,Garrett Temple,1610612761.0,Toronto,Raptors,TOR,0,0,,,,,,0
0022400247,431,8,0,3,9:06 PM,5:26,,,SUB: Toppin FOR Mathurin,,,5,1631097,Bennedict Mathurin,1610612754.0,Indiana,Pacers,IND,5,1630167,Obi Toppin,1610612754.0,Indiana,Pacers,IND,0,0,,,,,,0
0022400247,432,8,0,3,9:06 PM,5:26,,,SUB: McConnell FOR Walker,,,5,1641716,Jarace Walker,1610612754.0,Indiana,Pacers,IND,5,204456,T.J. McConnell,1610612754.0,Indiana,Pacers,IND,0,0,,,,,,0
0022400247,433,8,0,3,9:06 PM,5:26,,,SUB: Jackson FOR Freeman,,,5,1642402,Enrique Freeman,1610612754.0,Indiana,Pacers,IND,5,1631245,Quenton Jackson,1610612754.0,Indiana,Pacers,IND,0,0,,,,,,0
0022400247,438,6,1,3,9:08 PM,5:09,Temple P.FOUL (P2.T3) (J.Capers),,,,,4,202066,Garrett Temple,1610612761.0,Toronto,Raptors,TOR,5,204456,T.J. McConnell,1610612754.0,Indiana,Pacers,IND,1,0,,,,,,1
0022400247,440,1,1,3,9:09 PM,4:55,,,Siakam 26' 3PT Jump Shot (22 PTS) (Jackson 3 AST),66 - 85,19,5,1627783,Pascal Siakam,1610612754.0,Indiana,Pacers,IND,5,1631245,Quenton Jackson,1610612754.0,Indiana,Pacers,IND,0,0,,,,,,1
0022400247,443,6,4,3,9:10 PM,4:35,Mitchell OFF.Foul (P3) (N.Sago),,,,,4,1630558,Davion Mitchell,1610612761.0,Toronto,Raptors,TOR,5,1631245,Quenton Jackson,1610612754.0,Indiana,Pacers,IND,1,0,,,,,,1
0022400247,445,5,37,3,9:10 PM,4:35,Mitchell Offensive Foul Turnover (P3.T13),,,,,4,1630558,Davion Mitchell,1610612761.0,Toronto,Raptors,TOR,0,0,,,,,,1,0,,,,,,1
0022400247,446,2,1,3,9:10 PM,4:24,,,MISS Toppin 27' 3PT Jump Shot,,,5,1630167,Obi Toppin,1610612754.0,Indiana,Pacers,IND,0,0,,,,,,0,0,,,,,,1
0022400247,447,4,0,3,9:10 PM,4:21,Poeltl REBOUND (Off:3 Def:10),,,,,4,1627751,Jakob Poeltl,1610612761.0,Toronto,Raptors,TOR,0,0,,,,,,0,0,,,,,,1
0022400247,448,6,26,3,9:10 PM,4:12,Dick Offensive Charge Foul (P2) (N.Sago),,,,,4,1641711,Gradey Dick,1610612761.0,Toronto,Raptors,TOR,5,204456,T.J. McConnell,1610612754.0,Indiana,Pacers,IND,1,0,,,,,,1
0022400247,450,5,37,3,9:10 PM,4:12,Dick Offensive Foul Turnover (P3.T14),,,,,4,1641711,Gradey Dick,1610612761.0,Toronto,Raptors,TOR,0,0,,,,,,1,0,,,,,,1
0022400247,451,8,0,3,9:10 PM,4:12,SUB: Mogbo FOR Dick,,,,,4,1641711,Gradey Dick,1610612761.0,Toronto,Raptors,TOR,4,1642367,Jonathan Mogbo,1610612761.0,Toronto,Raptors,TOR,0,0,,,,,,0
0022400247,452,8,0,3,9:10 PM,4:12,SUB: Barrett FOR Poeltl,,,,,4,1627751,Jakob Poeltl,1610612761.0,Toronto,Raptors,TOR,4,1629628,RJ Barrett,1610612761.0,Toronto,Raptors,TOR,0,0,,,,,,0
0022400247,453,8,0,3,9:10 PM,4:12,SUB: Shead FOR Mitchell,,,,,4,1630558,Davion Mitchell,1610612761.0,Toronto,Raptors,TOR,4,1642347,Jamal Shead,1610612761.0,Toronto,Raptors,TOR,0,0,,,,,,0
0022400247,457,5,45,3,9:11 PM,3:54,,,Toppin Out of Bounds - Bad Pass Turnover Turnover (P1.T11),,,5,1630167,Obi Toppin,1610612754.0,Indiana,Pacers,IND,0,0,,,,,,1,0,,,,,,1
0022400247,458,5,1,3,9:11 PM,3:47,Barrett Bad Pass Turnover (P2.T15),,McConnell STEAL (4 STL),,,4,1629628,RJ Barrett,1610612761.0,Toronto,Raptors,TOR,5,204456,T.J. McConnell,1610612754.0,Indiana,Pacers,IND,0,0,,,,,,1
0022400247,460,1,41,3,9:11 PM,3:43,,,Toppin Running Layup (7 PTS) (McConnell 4 AST),68 - 85,17,5,1630167,Obi Toppin,1610612754.0,Indiana,Pacers,IND,5,204456,T.J. McConnell,1610612754.0,Indiana,Pacers,IND,0,0,,,,,,1
0022400247,462,2,57,3,9:11 PM,3:24,MISS Barrett 7' Driving Hook Shot,,,,,4,1629628,RJ Barrett,1610612761.0,Toronto,Raptors,TOR,0,0,,,,,,0,0,,,,,,1
0022400247,463,4,0,3,9:12 PM,3:23,Mogbo REBOUND (Off:3 Def:0),,,,,4,1642367,Jonathan Mogbo,1610612761.0,Toronto,Raptors,TOR,0,0,,,,,,0,0,,,,,,1
0022400247,464,1,101,3,9:12 PM,3:20,Shead 6' Driving Floating Jump Shot (4 PTS) (Mogbo 1 AST),,,68 - 87,19,4,1642347,Jamal Shead,1610612761.0,Toronto,Raptors,TOR,4,1642367,Jonathan Mogbo,1610612761.0,Toronto,Raptors,TOR,0,0,,,,,,1
0022400247,467,8,0,3,9:12 PM,3:09,,,SUB: Walker FOR Siakam,,,5,1627783,Pascal Siakam,1610612754.0,Indiana,Pacers,IND,5,1641716,Jarace Walker,1610612754.0,Indiana,Pacers,IND,0,0,,,,,,0
0022400247,469,1,1,3,9:12 PM,3:07,,,Haliburton 25' 3PT Jump Shot (10 PTS) (McConnell 5 AST),71 - 87,16,5,1630169,Tyrese Haliburton,1610612754.0,Indiana,Pacers,IND,5,204456,T.J. McConnell,1610612754.0,Indiana,Pacers,IND,0,0,,,,,,1
0022400247,471,9,1,3,9:12 PM,3:05,RAPTORS Timeout: Regular (Full 4 Short 0),,,,,2,1610612761,,,,,,0,0,,,,,,0,0,,,,,,0
0022400247,472,5,2,3,9:14 PM,2:52,Barrett Lost Ball Turnover (P3.T16),,Jackson STEAL (1 STL),,,4,1629628,RJ Barrett,1610612761.0,Toronto,Raptors,TOR,5,1631245,Quenton Jackson,1610612754.0,Indiana,Pacers,IND,0,0,,,,,,1
0022400247,474,6,2,3,9:14 PM,2:49,Shead S.FOUL (P2.T4) (R.Hussey),,,,,4,1642347,Jamal Shead,1610612761.0,Toronto,Raptors,TOR,5,204456,T.J. McConnell,1610612754.0,Indiana,Pacers,IND,1,0,,,,,,1
0022400247,476,3,11,3,9:15 PM,2:49,,,McConnell Free Throw 1 of 2 (5 PTS),72 - 87,15,5,204456,T.J. McConnell,1610612754.0,Indiana,Pacers,IND,0,0,,,,,,0,0,,,,,,1
0022400247,477,8,0,3,9:15 PM,2:49,SUB: Mitchell FOR Shead,,,,,4,1642347,Jamal Shead,1610612761.0,Toronto,Raptors,TOR,4,1630558,Davion Mitchell,1610612761.0,Toronto,Raptors,TOR,0,0,,,,,,0
0022400247,479,3,12,3,9:15 PM,2:49,,,McConnell Free Throw 2 of 2 (6 PTS),73 - 87,14,5,204456,T.J. McConnell,1610612754.0,Indiana,Pacers,IND,0,0,,,,,,0,0,,,,,,1
0022400247,480,1,75,3,9:15 PM,2:31,Boucher 3' Driving Finger Roll Layup (4 PTS) (Barrett 5 AST),,,73 - 89,16,4,1628449,Chris Boucher,1610612761.0,Toronto,Raptors,TOR,4,1629628,RJ Barrett,1610612761.0,Toronto,Raptors,TOR,0,0,,,,,,1
0022400247,482,2,79,3,9:16 PM,2:15,,,MISS McConnell 8' Pullup Jump Shot,,,5,204456,T.J. McConnell,1610612754.0,Indiana,Pacers,IND,0,0,,,,,,0,0,,,,,,1
0022400247,483,4,0,3,9:16 PM,2:14,Boucher REBOUND (Off:1 Def:4),,,,,4,1628449,Chris Boucher,1610612761.0,Toronto,Raptors,TOR,0,0,,,,,,0,0,,,,,,1
0022400247,484,5,1,3,9:16 PM,1:59,Barrett Bad Pass Turnover (P4.T17),,Haliburton STEAL (4 STL),,,4,1629628,RJ Barrett,1610612761.0,Toronto,Raptors,TOR,5,1630169,Tyrese Haliburton,1610612754.0,Indiana,Pacers,IND,0,0,,,,,,1
0022400247,486,1,41,3,9:16 PM,1:54,,,Jackson 1' Running Layup (7 PTS) (Haliburton 4 AST),75 - 89,14,5,1631245,Quenton Jackson,1610612754.0,Indiana,Pacers,IND,5,1630169,Tyrese Haliburton,1610612754.0,Indiana,Pacers,IND,0,0,,,,,,1
0022400247,488,6,2,3,9:16 PM,1:33,,,Haliburton S.FOUL (P3.T2) (N.Sago),,,5,1630169,Tyrese Haliburton,1610612754.0,Indiana,Pacers,IND,4,1629628,RJ Barrett,1610612761.0,Toronto,Raptors,TOR,1,0,,,,,,1
0022400247,490,3,11,3,9:17 PM,1:33,Barrett Free Throw 1 of 2 (23 PTS),,,75 - 90,15,4,1629628,RJ Barrett,1610612761.0,Toronto,Raptors,TOR,0,0,,,,,,0,0,,,,,,1
0022400247,491,3,12,3,9:17 PM,1:33,Barrett Free Throw 2 of 2 (24 PTS),,,75 - 91,16,4,1629628,RJ Barrett,1610612761.0,Toronto,Raptors,TOR,0,0,,,,,,0,0,,,,,,1
0022400247,492,6,2,3,9:17 PM,1:25,Mitchell S.FOUL (P4.PN) (N.Sago),,,,,4,1630558,Davion Mitchell,1610612761.0,Toronto,Raptors,TOR,5,1630169,Tyrese Haliburton,1610612754.0,Indiana,Pacers,IND,1,0,,,,,,1
0022400247,494,3,11,3,9:18 PM,1:25,,,Haliburton Free Throw 1 of 2 (11 PTS),76 - 91,15,5,1630169,Tyrese Haliburton,1610612754.0,Indiana,Pacers,IND,0,0,,,,,,0,0,,,,,,1
0022400247,495,8,0,3,9:18 PM,1:25,SUB: Battle FOR Mitchell,,,,,4,1630558,Davion Mitchell,1610612761.0,Toronto,Raptors,TOR,4,1642419,Jamison Battle,1610612761.0,Toronto,Raptors,TOR,0,0,,,,,,0
0022400247,497,3,12,3,9:18 PM,1:25,,,Haliburton Free Throw 2 of 2 (12 PTS),77 - 91,14,5,1630169,Tyrese Haliburton,1610612754.0,Indiana,Pacers,IND,0,0,,,,,,0,0,,,,,,1
0022400247,498,5,2,3,9:18 PM,1:12,Barrett Lost Ball Turnover (P5.T18),,Toppin STEAL (1 STL),,,4,1629628,RJ Barrett,1610612761.0,Toronto,Raptors,TOR,5,1630167,Obi Toppin,1610612754.0,Indiana,Pacers,IND,0,0,,,,,,1
0022400247,500,2,6,3,9:18 PM,1:01,Temple BLOCK (1 BLK),,MISS Jackson 10' Driving Layup,,,5,1631245,Quenton Jackson,1610612754.0,Indiana,Pacers,IND,0,0,,,,,,4,202066,Garrett Temple,1610612761.0,Toronto,Raptors,TOR,1
0022400247,502,4,0,3,9:18 PM,0:59,Temple REBOUND (Off:0 Def:3),,,,,4,202066,Garrett Temple,1610612761.0,Toronto,Raptors,TOR,0,0,,,,,,0,0,,,,,,1
0022400247,503,1,80,3,9:19 PM,0:55,Battle 24' 3PT Step Back Jump Shot (9 PTS) (Temple 3 AST),,,77 - 94,17,4,1642419,Jamison Battle,1610612761.0,Toronto,Raptors,TOR,4,202066,Garrett Temple,1610612761.0,Toronto,Raptors,TOR,0,0,,,,,,1
0022400247,505,6,2,3,9:19 PM,0:49,Temple S.FOUL (P3.PN) (R.Hussey),,,,,4,202066,Garrett Temple,1610612761.0,Toronto,Raptors,TOR,5,1630169,Tyrese Haliburton,1610612754.0,Indiana,Pacers,IND,1,0,,,,,,1
0022400247,507,3,11,3,9:19 PM,0:49,,,Haliburton Free Throw 1 of 2 (13 PTS),78 - 94,16,5,1630169,Tyrese Haliburton,1610612754.0,Indiana,Pacers,IND,0,0,,,,,,0,0,,,,,,1
0022400247,508,8,0,3,9:19 PM,0:49,SUB: Poeltl FOR Mogbo,,,,,4,1642367,Jonathan Mogbo,1610612761.0,Toronto,Raptors,TOR,4,1627751,Jakob Poeltl,1610612761.0,Toronto,Raptors,TOR,0,0,,,,,,0
0022400247,510,3,12,3,9:19 PM,0:49,,,Haliburton Free Throw 2 of 2 (14 PTS),79 - 94,15,5,1630169,Tyrese Haliburton,1610612754.0,Indiana,Pacers,IND,0,0,,,,,,0,0,,,,,,1
0022400247,511,1,93,3,9:20 PM,0:30,Poeltl 7' Driving Bank Hook Shot (26 PTS),,,79 - 96,17,4,1627751,Jakob Poeltl,1610612761.0,Toronto,Raptors,TOR,0,0,,,,,,0,0,,,,,,1
0022400247,512,1,1,3,9:20 PM,0:13,,,Toppin 24' 3PT Jump Shot (10 PTS) (Walker 2 AST),82 - 96,14,5,1630167,Obi Toppin,1610612754.0,Indiana,Pacers,IND,5,1641716,Jarace Walker,1610612754.0,Indiana,Pacers,IND,0,0,,,,,,1
0022400247,514,5,1,3,9:20 PM,0:02,Poeltl Bad Pass Turnover (P5.T19),,Walker STEAL (1 STL),,,4,1627751,Jakob Poeltl,1610612761.0,Toronto,Raptors,TOR,5,1641716,Jarace Walker,1610612754.0,Indiana,Pacers,IND,0,0,,,,,,1
0022400247,517,18,1,3,9:21 PM,0:00,,Instant Replay3rd Period (9:21 PM EST),,82 - 96,14,0,516,,,,,,0,0,,,,,,1,0,,,,,,0
0022400247,518,13,0,3,9:22 PM,0:00,,End of 3rd Period (9:22 PM EST),,82 - 96,14,0,0,,,,,,0,0,,,,,,0,0,,,,,,1
0022400247,527,12,0,4,9:23 PM,12:00,,Start of 4th Period (9:23 PM EST),,82 - 96,14,0,0,,,,,,0,0,,,,,,0,0,,,,,,0
0022400247,528,6,4,4,9:23 PM,11:45,Poeltl OFF.Foul (P3) (N.Sago),,,,,4,1627751,Jakob Poeltl,1610612761.0,Toronto,Raptors,TOR,5,204456,T.J. McConnell,1610612754.0,Indiana,Pacers,IND,1,0,,,,,,1
0022400247,530,5,37,4,9:23 PM,11:45,Poeltl Offensive Foul Turnover (P6.T20),,,,,4,1627751,Jakob Poeltl,1610612761.0,Toronto,Raptors,TOR,0,0,,,,,,1,0,,,,,,1
0022400247,531,2,1,4,9:24 PM,11:29,,,MISS Toppin 27' 3PT Jump Shot,,,5,1630167,Obi Toppin,1610612754.0,Indiana,Pacers,IND,0,0,,,,,,0,0,,,,,,1
0022400247,532,4,0,4,9:24 PM,11:26,Poeltl REBOUND (Off:3 Def:11),,,,,4,1627751,Jakob Poeltl,1610612761.0,Toronto,Raptors,TOR,0,0,,,,,,0,0,,,,,,1
0022400247,533,6,2,4,9:24 PM,11:21,,,Jackson S.FOUL (P1.T1) (R.Hussey),,,5,1631245,Quenton Jackson,1610612754.0,Indiana,Pacers,IND,4,1629628,RJ Barrett,1610612761.0,Toronto,Raptors,TOR,1,0,,,,,,1
0022400247,535,3,11,4,9:24 PM,11:21,Barrett Free Throw 1 of 2 (25 PTS),,,82 - 97,15,4,1629628,RJ Barrett,1610612761.0,Toronto,Raptors,TOR,0,0,,,,,,0,0,,,,,,1
0022400247,536,3,12,4,9:24 PM,11:21,MISS Barrett Free Throw 2 of 2,,,,,4,1629628,RJ Barrett,1610612761.0,Toronto,Raptors,TOR,0,0,,,,,,0,0,,,,,,1
0022400247,537,4,0,4,9:24 PM,11:19,,,Toppin REBOUND (Off:0 Def:2),,,5,1630167,Obi Toppin,1610612754.0,Indiana,Pacers,IND,0,0,,,,,,0,0,,,,,,1
0022400247,538,1,63,4,9:25 PM,11:08,,,McConnell 11' Fadeaway Jumper (8 PTS) (Toppin 3 AST),84 - 97,13,5,204456,T.J. McConnell,1610612754.0,Indiana,Pacers,IND,5,1630167,Obi Toppin,1610612754.0,Indiana,Pacers,IND,0,0,,,,,,1
0022400247,540,2,79,4,9:25 PM,10:46,MISS Shead 19' Pullup Jump Shot,,,,,4,1642347,Jamal Shead,1610612761.0,Toronto,Raptors,TOR,0,0,,,,,,0,0,,,,,,1
0022400247,541,4,0,4,9:25 PM,10:45,RAPTORS Rebound,,,,,2,1610612761,,,,,,0,0,,,,,,0,0,,,,,,1
0022400247,542,6,3,4,9:25 PM,10:45,,,Jackson L.B.FOUL (P2.T2) (J.Capers),,,5,1631245,Quenton Jackson,1610612754.0,Indiana,Pacers,IND,4,1642419,Jamison Battle,1610612761.0,Toronto,Raptors,TOR,1,0,,,,,,1
0022400247,544,2,57,4,9:26 PM,10:33,MISS Poeltl 9' Driving Hook Shot,,Jackson BLOCK (1 BLK),,,4,1627751,Jakob Poeltl,1610612761.0,Toronto,Raptors,TOR,0,0,,,,,,5,1631245,Quenton Jackson,1610612754.0,Indiana,Pacers,IND,1
0022400247,546,4,0,4,9:26 PM,10:31,,,Jackson REBOUND (Off:0 Def:1),,,5,1631245,Quenton Jackson,1610612754.0,Indiana,Pacers,IND,0,0,,,,,,0,0,,,,,,1
0022400247,547,1,76,4,9:26 PM,10:28,,,Toppin Running Finger Roll Layup (12 PTS),86 - 97,11,5,1630167,Obi Toppin,1610612754.0,Indiana,Pacers,IND,0,0,,,,,,0,0,,,,,,1
0022400247,549,7,1,4,9:26 PM,10:28,,,Pacers Violation: Delay of game Violation,,,3,1610612754,,,,,,0,0,,,,,,1,0,,,,,,0
0022400247,550,1,1,4,9:27 PM,10:12,Agbaji 3PT Jump Shot (5 PTS) (Shead 2 AST),,,86 - 100,14,4,1630534,Ochai Agbaji,1610612761.0,Toronto,Raptors,TOR,4,1642347,Jamal Shead,1610612761.0,Toronto,Raptors,TOR,0,0,,,,,,1
0022400247,552,2,1,4,9:27 PM,10:01,,,MISS Toppin 24' 3PT Jump Shot,,,5,1630167,Obi Toppin,1610612754.0,Indiana,Pacers,IND,0,0,,,,,,0,0,,,,,,1
0022400247,553,4,0,4,9:27 PM,9:58,Barrett REBOUND (Off:1 Def:5),,,,,4,1629628,RJ Barrett,1610612761.0,Toronto,Raptors,TOR,0,0,,,,,,0,0,,,,,,1
0022400247,554,6,2,4,9:27 PM,9:52,,,Jackson S.FOUL (P3.T3) (N.Sago),,,5,1631245,Quenton Jackson,1610612754.0,Indiana,Pacers,IND,4,1629628,RJ Barrett,1610612761.0,Toronto,Raptors,TOR,1,0,,,,,,1
0022400247,556,3,11,4,9:27 PM,9:52,Barrett Free Throw 1 of 2 (26 PTS),,,86 - 101,15,4,1629628,RJ Barrett,1610612761.0,Toronto,Raptors,TOR,0,0,,,,,,0,0,,,,,,1
0022400247,557,3,12,4,9:27 PM,9:52,Barrett Free Throw 2 of 2 (27 PTS),,,86 - 102,16,4,1629628,RJ Barrett,1610612761.0,Toronto,Raptors,TOR,0,0,,,,,,0,0,,,,,,1
0022400247,558,1,1,4,9:28 PM,9:43,,,Toppin 26' 3PT Jump Shot (15 PTS) (McConnell 6 AST),89 - 102,13,5,1630167,Obi Toppin,1610612754.0,Indiana,Pacers,IND,5,204456,T.J. McConnell,1610612754.0,Indiana,Pacers,IND,0,0,,,,,,1
0022400247,560,5,1,4,9:28 PM,9:32,Shead Bad Pass Turnover (P3.T21),,McConnell STEAL (5 STL),,,4,1642347,Jamal Shead,1610612761.0,Toronto,Raptors,TOR,5,204456,T.J. McConnell,1610612754.0,Indiana,Pacers,IND,0,0,,,,,,1
0022400247,562,1,106,4,9:28 PM,9:30,,,Toppin Running Alley Oop Dunk Shot (17 PTS) (McConnell 7 AST),91 - 102,11,5,1630167,Obi Toppin,1610612754.0,Indiana,Pacers,IND,5,204456,T.J. McConnell,1610612754.0,Indiana,Pacers,IND,0,0,,,,,,1
0022400247,564,9,1,4,9:31 PM,9:29,RAPTORS Timeout: Regular (Full 5 Short 0),,,,,2,1610612761,,,,,,0,0,,,,,,0,0,,,,,,0
0022400247,565,8,0,4,9:31 PM,9:29,SUB: Dick FOR Barrett,,,,,4,1629628,RJ Barrett,1610612761.0,Toronto,Raptors,TOR,4,1641711,Gradey Dick,1610612761.0,Toronto,Raptors,TOR,0,0,,,,,,0
0022400247,566,8,0,4,9:31 PM,9:29,SUB: Mitchell FOR Battle,,,,,4,1642419,Jamison Battle,1610612761.0,Toronto,Raptors,TOR,4,1630558,Davion Mitchell,1610612761.0,Toronto,Raptors,TOR,0,0,,,,,,0
0022400247,567,8,0,4,9:31 PM,9:29,SUB: Boucher FOR Shead,,,,,4,1642347,Jamal Shead,1610612761.0,Toronto,Raptors,TOR,4,1628449,Chris Boucher,1610612761.0,Toronto,Raptors,TOR,0,0,,,,,,0
0022400247,571,5,1,4,9:31 PM,9:28,Agbaji Bad Pass Turnover (P2.T22),,Toppin STEAL (2 STL),,,4,1630534,Ochai Agbaji,1610612761.0,Toronto,Raptors,TOR,5,1630167,Obi Toppin,1610612754.0,Indiana,Pacers,IND,0,0,,,,,,1
0022400247,573,1,79,4,9:31 PM,9:17,,,McConnell 15' Pullup Jump Shot (10 PTS),93 - 102,9,5,204456,T.J. McConnell,1610612754.0,Indiana,Pacers,IND,0,0,,,,,,0,0,,,,,,1
0022400247,574,2,98,4,9:31 PM,9:01,MISS Dick 1' Cutting Layup Shot,,,,,4,1641711,Gradey Dick,1610612761.0,Toronto,Raptors,TOR,0,0,,,,,,0,0,,,,,,1
0022400247,575,4,0,4,9:32 PM,8:59,,,Mathurin REBOUND (Off:2 Def:2),,,5,1631097,Bennedict Mathurin,1610612754.0,Indiana,Pacers,IND,0,0,,,,,,0,0,,,,,,1
0022400247,576,2,1,4,9:32 PM,8:52,,,MISS Jackson 24' 3PT Jump Shot,,,5,1631245,Quenton Jackson,1610612754.0,Indiana,Pacers,IND,0,0,,,,,,0,0,,,,,,1
0022400247,577,4,0,4,9:32 PM,8:49,Boucher REBOUND (Off:1 Def:5),,,,,4,1628449,Chris Boucher,1610612761.0,Toronto,Raptors,TOR,0,0,,,,,,0,0,,,,,,1
0022400247,578,1,1,4,9:32 PM,8:40,Agbaji 3PT Jump Shot (8 PTS) (Mitchell 4 AST),,,93 - 105,12,4,1630534,Ochai Agbaji,1610612761.0,Toronto,Raptors,TOR,4,1630558,Davion Mitchell,1610612761.0,Toronto,Raptors,TOR,0,0,,,,,,1
0022400247,579,6,1,4,9:32 PM,8:35,Dick P.FOUL (P3.T1) (J.Capers),,,,,4,1641711,Gradey Dick,1610612761.0,Toronto,Raptors,TOR,5,1631097,Bennedict Mathurin,1610612754.0,Indiana,Pacers,IND,1,0,,,,,,0
0022400247,581,8,0,4,9:32 PM,8:35,,,SUB: Haliburton FOR Jackson,,,5,1631245,Quenton Jackson,1610612754.0,Indiana,Pacers,IND,5,1630169,Tyrese Haliburton,1610612754.0,Indiana,Pacers,IND,0,0,,,,,,0
0022400247,583,2,6,4,9:32 PM,8:29,Agbaji BLOCK (2 BLK),,MISS McConnell 2' Driving Layup,,,5,204456,T.J. McConnell,1610612754.0,Indiana,Pacers,IND,0,0,,,,,,4,1630534,Ochai Agbaji,1610612761.0,Toronto,Raptors,TOR,1
0022400247,585,4,0,4,9:32 PM,8:26,,,Mathurin REBOUND (Off:3 Def:2),,,5,1631097,Bennedict Mathurin,1610612754.0,Indiana,Pacers,IND,0,0,,,,,,0,0,,,,,,1
0022400247,586,2,57,4,9:33 PM,8:18,,,MISS Mathurin 7' Driving Hook Shot,,,5,1631097,Bennedict Mathurin,1610612754.0,Indiana,Pacers,IND,0,0,,,,,,0,0,,,,,,1
0022400247,587,4,0,4,9:33 PM,8:17,Boucher REBOUND (Off:1 Def:6),,,,,4,1628449,Chris Boucher,1610612761.0,Toronto,Raptors,TOR,0,0,,,,,,0,0,,,,,,1
0022400247,588,6,2,4,9:33 PM,8:01,,,McConnell S.FOUL (P1.T4) (N.Sago),,,5,204456,T.J. McConnell,1610612754.0,Indiana,Pacers,IND,4,1630534,Ochai Agbaji,1610612761.0,Toronto,Raptors,TOR,1,0,,,,,,1
0022400247,590,3,11,4,9:33 PM,8:01,MISS Agbaji Free Throw 1 of 2,,,,,4,1630534,Ochai Agbaji,1610612761.0,Toronto,Raptors,TOR,0,0,,,,,,0,0,,,,,,1
0022400247,591,4,1,4,9:33 PM,8:01,RAPTORS Rebound,,,,,2,1610612761,,,,,,0,0,,,,,,0,0,,,,,,0
0022400247,592,3,12,4,9:34 PM,8:01,Agbaji Free Throw 2 of 2 (9 PTS),,,93 - 106,13,4,1630534,Ochai Agbaji,1610612761.0,Toronto,Raptors,TOR,0,0,,,,,,0,0,,,,,,1
0022400247,593,1,75,4,9:34 PM,7:48,,,Mathurin 7' Driving Finger Roll Layup (13 PTS) (Toppin 4 AST),95 - 106,11,5,1631097,Bennedict Mathurin,1610612754.0,Indiana,Pacers,IND,5,1630167,Obi Toppin,1610612754.0,Indiana,Pacers,IND,0,0,,,,,,1
0022400247,595,2,1,4,9:34 PM,7:26,MISS Dick 3PT Jump Shot,,,,,4,1641711,Gradey Dick,1610612761.0,Toronto,Raptors,TOR,0,0,,,,,,0,0,,,,,,1
0022400247,596,4,0,4,9:34 PM,7:25,,,McConnell REBOUND (Off:0 Def:2),,,5,204456,T.J. McConnell,1610612754.0,Indiana,Pacers,IND,0,0,,,,,,0,0,,,,,,1
0022400247,597,6,2,4,9:34 PM,7:19,Agbaji S.FOUL (P3.T2) (N.Sago),,,,,4,1630534,Ochai Agbaji,1610612761.0,Toronto,Raptors,TOR,5,1631097,Bennedict Mathurin,1610612754.0,Indiana,Pacers,IND,1,0,,,,,,1
0022400247,599,3,11,4,9:35 PM,7:19,,,Mathurin Free Throw 1 of 2 (14 PTS),96 - 106,10,5,1631097,Bennedict Mathurin,1610612754.0,Indiana,Pacers,IND,0,0,,,,,,0,0,,,,,,1
0022400247,600,8,0,4,9:35 PM,7:19,SUB: Mogbo FOR Poeltl,,,,,4,1627751,Jakob Poeltl,1610612761.0,Toronto,Raptors,TOR,4,1642367,Jonathan Mogbo,1610612761.0,Toronto,Raptors,TOR,0,0,,,,,,0
0022400247,601,8,0,4,9:35 PM,7:19,,,SUB: Jackson FOR McConnell,,,5,204456,T.J. McConnell,1610612754.0,Indiana,Pacers,IND,5,1631245,Quenton Jackson,1610612754.0,Indiana,Pacers,IND,0,0,,,,,,0
0022400247,604,3,12,4,9:35 PM,7:19,,,Mathurin Free Throw 2 of 2 (15 PTS),97 - 106,9,5,1631097,Bennedict Mathurin,1610612754.0,Indiana,Pacers,IND,0,0,,,,,,0,0,,,,,,1
0022400247,605,2,58,4,9:36 PM,6:58,MISS Mogbo 7' Turnaround Hook Shot,,,,,4,1642367,Jonathan Mogbo,1610612761.0,Toronto,Raptors,TOR,0,0,,,,,,0,0,,,,,,1
0022400247,606,4,0,4,9:36 PM,6:57,RAPTORS Rebound,,,,,2,1610612761,,,,,,0,0,,,,,,0,0,,,,,,1
0022400247,608,5,1,4,9:36 PM,6:53,Dick Bad Pass Turnover (P4.T23),,Haliburton STEAL (5 STL),,,4,1641711,Gradey Dick,1610612761.0,Toronto,Raptors,TOR,5,1630169,Tyrese Haliburton,1610612754.0,Indiana,Pacers,IND,0,0,,,,,,1
0022400247,610,1,76,4,9:36 PM,6:47,,,Mathurin 4' Running Finger Roll Layup (17 PTS),99 - 106,7,5,1631097,Bennedict Mathurin,1610612754.0,Indiana,Pacers,IND,0,0,,,,,,0,0,,,,,,1
0022400247,611,9,1,4,9:36 PM,6:36,RAPTORS Timeout: Regular (Full 6 Short 0),,,,,2,1610612761,,,,,,0,0,,,,,,0,0,,,,,,0
0022400247,612,8,0,4,9:37 PM,6:36,SUB: Poeltl FOR Boucher,,,,,4,1628449,Chris Boucher,1610612761.0,Toronto,Raptors,TOR,4,1627751,Jakob Poeltl,1610612761.0,Toronto,Raptors,TOR,0,0,,,,,,0
0022400247,613,8,0,4,9:37 PM,6:36,SUB: Barrett FOR Mogbo,,,,,4,1642367,Jonathan Mogbo,1610612761.0,Toronto,Raptors,TOR,4,1629628,RJ Barrett,1610612761.0,Toronto,Raptors,TOR,0,0,,,,,,0
0022400247,617,1,75,4,9:40 PM,6:23,Mitchell 5' Driving Finger Roll Layup (9 PTS),,,99 - 108,9,4,1630558,Davion Mitchell,1610612761.0,Toronto,Raptors,TOR,0,0,,,,,,0,0,,,,,,1
0022400247,618,2,79,4,9:40 PM,6:10,,,MISS Haliburton 14' Pullup Jump Shot,,,5,1630169,Tyrese Haliburton,1610612754.0,Indiana,Pacers,IND,0,0,,,,,,0,0,,,,,,1
0022400247,619,4,0,4,9:40 PM,6:05,Dick REBOUND (Off:0 Def:3),,,,,4,1641711,Gradey Dick,1610612761.0,Toronto,Raptors,TOR,0,0,,,,,,0,0,,,,,,1
0022400247,620,6,2,4,9:40 PM,5:56,,,Mathurin S.FOUL (P2.PN) (J.Capers),,,5,1631097,Bennedict Mathurin,1610612754.0,Indiana,Pacers,IND,4,1629628,RJ Barrett,1610612761.0,Toronto,Raptors,TOR,1,0,,,,,,1
0022400247,622,3,11,4,9:40 PM,5:56,MISS Barrett Free Throw 1 of 2,,,,,4,1629628,RJ Barrett,1610612761.0,Toronto,Raptors,TOR,0,0,,,,,,0,0,,,,,,1
0022400247,623,4,1,4,9:40 PM,5:56,RAPTORS Rebound,,,,,2,1610612761,,,,,,0,0,,,,,,0,0,,,,,,0
0022400247,624,3,12,4,9:41 PM,5:56,Barrett Free Throw 2 of 2 (28 PTS),,,99 - 109,10,4,1629628,RJ Barrett,1610612761.0,Toronto,Raptors,TOR,0,0,,,,,,0,0,,,,,,1
0022400247,625,2,75,4,9:41 PM,5:45,Agbaji BLOCK (3 BLK),,MISS Siakam 7' Driving Finger Roll Layup,,,5,1627783,Pascal Siakam,1610612754.0,Indiana,Pacers,IND,0,0,,,,,,4,1630534,Ochai Agbaji,1610612761.0,Toronto,Raptors,TOR,1
0022400247,627,4,0,4,9:41 PM,5:43,,,Siakam REBOUND (Off:5 Def:3),,,5,1627783,Pascal Siakam,1610612754.0,Indiana,Pacers,IND,0,0,,,,,,0,0,,,,,,1
0022400247,628,2,5,4,9:41 PM,5:43,,,MISS Siakam 2' Layup,,,5,1627783,Pascal Siakam,1610612754.0,Indiana,Pacers,IND,0,0,,,,,,0,0,,,,,,1
0022400247,629,4,0,4,9:41 PM,5:43,RAPTORS Rebound,,,,,2,1610612761,,,,,,0,0,,,,,,0,0,,,,,,1
0022400247,631,1,6,4,9:41 PM,5:32,Barrett 1' Driving Layup (30 PTS),,,99 - 111,12,4,1629628,RJ Barrett,1610612761.0,Toronto,Raptors,TOR,0,0,,,,,,0,0,,,,,,1
0022400247,632,9,1,4,9:41 PM,5:32,,,Pacers Timeout: Regular (Reg.6 Short 0),,,3,1610612754,,,,,,0,0,,,,,,0,0,,,,,,0
0022400247,633,8,0,4,9:42 PM,5:32,,,SUB: McConnell FOR Jackson,,,5,1631245,Quenton Jackson,1610612754.0,Indiana,Pacers,IND,5,204456,T.J. McConnell,1610612754.0,Indiana,Pacers,IND,0,0,,,,,,0
0022400247,635,1,101,4,9:43 PM,5:20,,,Mathurin 6' Driving Floating Jump Shot (19 PTS) (Siakam 5 AST),101 - 111,10,5,1631097,Bennedict Mathurin,1610612754.0,Indiana,Pacers,IND,5,1627783,Pascal Siakam,1610612754.0,Indiana,Pacers,IND,0,0,,,,,,1
0022400247,637,6,2,4,9:43 PM,5:20,Agbaji S.FOUL (P4.T3) (J.Capers),,,,,4,1630534,Ochai Agbaji,1610612761.0,Toronto,Raptors,TOR,5,1631097,Bennedict Mathurin,1610612754.0,Indiana,Pacers,IND,1,0,,,,,,1
0022400247,639,3,10,4,9:43 PM,5:20,,,MISS Mathurin Free Throw 1 of 1,,,5,1631097,Bennedict Mathurin,1610612754.0,Indiana,Pacers,IND,0,0,,,,,,0,0,,,,,,1
0022400247,640,4,0,4,9:43 PM,5:17,Barrett REBOUND (Off:1 Def:6),,,,,4,1629628,RJ Barrett,1610612761.0,Toronto,Raptors,TOR,0,0,,,,,,0,0,,,,,,1
0022400247,641,6,1,4,9:44 PM,5:09,,,Haliburton P.FOUL (P4.PN) (J.Capers),,,5,1630169,Tyrese Haliburton,1610612754.0,Indiana,Pacers,IND,4,1630558,Davion Mitchell,1610612761.0,Toronto,Raptors,TOR,1,0,,,,,,1
0022400247,643,3,11,4,9:44 PM,5:09,Mitchell Free Throw 1 of 2 (10 PTS),,,101 - 112,11,4,1630558,Davion Mitchell,1610612761.0,Toronto,Raptors,TOR,0,0,,,,,,0,0,,,,,,1
0022400247,644,3,12,4,9:45 PM,5:09,Mitchell Free Throw 2 of 2 (11 PTS),,,101 - 113,12,4,1630558,Davion Mitchell,1610612761.0,Toronto,Raptors,TOR,0,0,,,,,,0,0,,,,,,1
0022400247,645,1,79,4,9:45 PM,4:56,,,Mathurin 26' 3PT Pullup Jump Shot (22 PTS),104 - 113,9,5,1631097,Bennedict Mathurin,1610612754.0,Indiana,Pacers,IND,0,0,,,,,,0,0,,,,,,1
0022400247,646,1,73,4,9:45 PM,4:38,Agbaji 1' Driving Reverse Layup (11 PTS) (Dick 3 AST),,,104 - 115,11,4,1630534,Ochai Agbaji,1610612761.0,Toronto,Raptors,TOR,4,1641711,Gradey Dick,1610612761.0,Toronto,Raptors,TOR,0,0,,,,,,1
0022400247,648,6,1,4,9:45 PM,4:34,Mitchell P.FOUL (P5.T4) (J.Capers),,,,,4,1630558,Davion Mitchell,1610612761.0,Toronto,Raptors,TOR,5,1631097,Bennedict Mathurin,1610612754.0,Indiana,Pacers,IND,1,0,,,,,,1
0022400247,650,1,52,4,9:46 PM,4:28,,,Toppin Alley Oop Dunk (19 PTS) (Mathurin 2 AST),106 - 115,9,5,1630167,Obi Toppin,1610612754.0,Indiana,Pacers,IND,5,1631097,Bennedict Mathurin,1610612754.0,Indiana,Pacers,IND,0,0,,,,,,1
0022400247,652,6,1,4,9:46 PM,4:16,,,McConnell P.FOUL (P2.PN) (R.Hussey),,,5,204456,T.J. McConnell,1610612754.0,Indiana,Pacers,IND,4,1641711,Gradey Dick,1610612761.0,Toronto,Raptors,TOR,1,0,,,,,,1
0022400247,654,3,11,4,9:46 PM,4:16,Dick Free Throw 1 of 2 (14 PTS),,,106 - 116,10,4,1641711,Gradey Dick,1610612761.0,Toronto,Raptors,TOR,0,0,,,,,,0,0,,,,,,1
0022400247,655,3,12,4,9:47 PM,4:16,Dick Free Throw 2 of 2 (15 PTS),,,106 - 117,11,4,1641711,Gradey Dick,1610612761.0,Toronto,Raptors,TOR,0,0,,,,,,0,0,,,,,,1
0022400247,656,2,102,4,9:47 PM,3:55,,,MISS Haliburton 13' Driving Floating Bank Jump Shot,,,5,1630169,Tyrese Haliburton,1610612754.0,Indiana,Pacers,IND,0,0,,,,,,0,0,,,,,,1
0022400247,657,4,0,4,9:47 PM,3:55,RAPTORS Rebound,,,,,2,1610612761,,,,,,0,0,,,,,,0,0,,,,,,1
0022400247,658,6,3,4,9:47 PM,3:55,,,Siakam L.B.FOUL (P2.PN) (R.Hussey),,,5,1627783,Pascal Siakam,1610612754.0,Indiana,Pacers,IND,4,1627751,Jakob Poeltl,1610612761.0,Toronto,Raptors,TOR,1,0,,,,,,1
0022400247,660,3,11,4,9:48 PM,3:55,Poeltl Free Throw 1 of 2 (27 PTS),,,106 - 118,12,4,1627751,Jakob Poeltl,1610612761.0,Toronto,Raptors,TOR,0,0,,,,,,0,0,,,,,,1
0022400247,661,3,12,4,9:48 PM,3:55,MISS Poeltl Free Throw 2 of 2,,,,,4,1627751,Jakob Poeltl,1610612761.0,Toronto,Raptors,TOR,0,0,,,,,,0,0,,,,,,1
0022400247,662,4,0,4,9:48 PM,3:53,,,McConnell REBOUND (Off:0 Def:3),,,5,204456,T.J. McConnell,1610612754.0,Indiana,Pacers,IND,0,0,,,,,,0,0,,,,,,1
0022400247,663,2,80,4,9:48 PM,3:42,,,MISS Haliburton 27' 3PT Step Back Jump Shot,,,5,1630169,Tyrese Haliburton,1610612754.0,Indiana,Pacers,IND,0,0,,,,,,0,0,,,,,,1
0022400247,664,4,0,4,9:48 PM,3:39,Barrett REBOUND (Off:1 Def:7),,,,,4,1629628,RJ Barrett,1610612761.0,Toronto,Raptors,TOR,0,0,,,,,,0,0,,,,,,1
0022400247,665,2,1,4,9:48 PM,3:19,MISS Mitchell 25' 3PT Jump Shot,,,,,4,1630558,Davion Mitchell,1610612761.0,Toronto,Raptors,TOR,0,0,,,,,,0,0,,,,,,1
0022400247,666,4,0,4,9:48 PM,3:16,,,Siakam REBOUND (Off:5 Def:4),,,5,1627783,Pascal Siakam,1610612754.0,Indiana,Pacers,IND,0,0,,,,,,0,0,,,,,,1
0022400247,667,1,75,4,9:49 PM,3:08,,,Haliburton 5' Driving Finger Roll Layup (16 PTS) (Toppin 5 AST),108 - 118,10,5,1630169,Tyrese Haliburton,1610612754.0,Indiana,Pacers,IND,5,1630167,Obi Toppin,1610612754.0,Indiana,Pacers,IND,0,0,,,,,,1
0022400247,669,1,79,4,9:49 PM,2:49,Barrett 10' Pullup Jump Shot (32 PTS),,,108 - 120,12,4,1629628,RJ Barrett,1610612761.0,Toronto,Raptors,TOR,0,0,,,,,,0,0,,,,,,1
0022400247,670,2,86,4,9:49 PM,2:40,,,MISS McConnell 8' Turnaround Fadeaway Shot,,,5,204456,T.J. McConnell,1610612754.0,Indiana,Pacers,IND,0,0,,,,,,0,0,,,,,,1
0022400247,671,4,0,4,9:49 PM,2:39,,,Siakam REBOUND (Off:6 Def:4),,,5,1627783,Pascal Siakam,1610612754.0,Indiana,Pacers,IND,0,0,,,,,,0,0,,,,,,1
0022400247,672,6,2,4,9:49 PM,2:39,Dick S.FOUL (P4.PN) (R.Hussey),,,,,4,1641711,Gradey Dick,1610612761.0,Toronto,Raptors,TOR,5,1627783,Pascal Siakam,1610612754.0,Indiana,Pacers,IND,1,0,,,,,,1
0022400247,674,3,11,4,9:50 PM,2:39,,,Siakam Free Throw 1 of 2 (23 PTS),109 - 120,11,5,1627783,Pascal Siakam,1610612754.0,Indiana,Pacers,IND,0,0,,,,,,0,0,,,,,,1
0022400247,678,8,0,4,9:50 PM,2:39,,,SUB: Jackson FOR McConnell,,,5,204456,T.J. McConnell,1610612754.0,Indiana,Pacers,IND,5,1631245,Quenton Jackson,1610612754.0,Indiana,Pacers,IND,0,0,,,,,,0
0022400247,677,3,12,4,9:50 PM,2:39,,,Siakam Free Throw 2 of 2 (24 PTS),110 - 120,10,5,1627783,Pascal Siakam,1610612754.0,Indiana,Pacers,IND,0,0,,,,,,0,0,,,,,,1
0022400247,679,1,86,4,9:50 PM,2:21,Barrett 7' Turnaround Fadeaway (34 PTS),,,110 - 122,12,4,1629628,RJ Barrett,1610612761.0,Toronto,Raptors,TOR,0,0,,,,,,0,0,,,,,,1
0022400247,681,6,1,4,9:51 PM,2:16,Dick P.FOUL (P5.PN) (R.Hussey),,,,,4,1641711,Gradey Dick,1610612761.0,Toronto,Raptors,TOR,5,1631097,Bennedict Mathurin,1610612754.0,Indiana,Pacers,IND,1,0,,,,,,1
0022400247,683,3,11,4,9:51 PM,2:16,,,Mathurin Free Throw 1 of 2 (23 PTS),111 - 122,11,5,1631097,Bennedict Mathurin,1610612754.0,Indiana,Pacers,IND,0,0,,,,,,0,0,,,,,,1
0022400247,684,3,12,4,9:51 PM,2:16,,,MISS Mathurin Free Throw 2 of 2,,,5,1631097,Bennedict Mathurin,1610612754.0,Indiana,Pacers,IND,0,0,,,,,,0,0,,,,,,1
0022400247,685,4,0,4,9:51 PM,2:14,Barrett REBOUND (Off:1 Def:8),,,,,4,1629628,RJ Barrett,1610612761.0,Toronto,Raptors,TOR,0,0,,,,,,0,0,,,,,,1
0022400247,686,1,80,4,9:52 PM,1:54,Barrett 20' Step Back Jump Shot (36 PTS),,,111 - 124,13,4,1629628,RJ Barrett,1610612761.0,Toronto,Raptors,TOR,0,0,,,,,,0,0,,,,,,1
0022400247,687,1,73,4,9:52 PM,1:48,,,Mathurin Driving Reverse Layup (25 PTS),113 - 124,11,5,1631097,Bennedict Mathurin,1610612754.0,Indiana,Pacers,IND,0,0,,,,,,0,0,,,,,,1
0022400247,688,6,2,4,9:52 PM,1:31,,,Mathurin S.FOUL (P3.PN) (J.Capers),,,5,1631097,Bennedict Mathurin,1610612754.0,Indiana,Pacers,IND,4,1629628,RJ Barrett,1610612761.0,Toronto,Raptors,TOR,1,0,,,,,,1
0022400247,690,3,11,4,9:53 PM,1:31,MISS Barrett Free Throw 1 of 2,,,,,4,1629628,RJ Barrett,1610612761.0,Toronto,Raptors,TOR,0,0,,,,,,0,0,,,,,,1
0022400247,691,4,1,4,9:53 PM,1:31,RAPTORS Rebound,,,,,2,1610612761,,,,,,0,0,,,,,,0,0,,,,,,0
0022400247,692,3,12,4,9:53 PM,1:31,Barrett Free Throw 2 of 2 (37 PTS),,,113 - 125,12,4,1629628,RJ Barrett,1610612761.0,Toronto,Raptors,TOR,0,0,,,,,,0,0,,,,,,1
0022400247,693,6,1,4,9:53 PM,1:25,Agbaji P.FOUL (P5.PN) (R.Hussey),,,,,4,1630534,Ochai Agbaji,1610612761.0,Toronto,Raptors,TOR,5,1627783,Pascal Siakam,1610612754.0,Indiana,Pacers,IND,1,0,,,,,,1
0022400247,695,3,11,4,9:54 PM,1:25,,,MISS Siakam Free Throw 1 of 2,,,5,1627783,Pascal Siakam,1610612754.0,Indiana,Pacers,IND,0,0,,,,,,0,0,,,,,,1
0022400247,696,4,1,4,9:54 PM,1:25,,,Pacers Rebound,,,3,1610612754,,,,,,0,0,,,,,,0,0,,,,,,0
0022400247,697,3,12,4,9:54 PM,1:25,,,Siakam Free Throw 2 of 2 (25 PTS),114 - 125,11,5,1627783,Pascal Siakam,1610612754.0,Indiana,Pacers,IND,0,0,,,,,,0,0,,,,,,1
0022400247,698,2,79,4,9:54 PM,1:08,MISS Barrett 24' 3PT Pullup Jump Shot,,,,,4,1629628,RJ Barrett,1610612761.0,Toronto,Raptors,TOR,0,0,,,,,,0,0,,,,,,1
0022400247,699,4,0,4,9:54 PM,1:07,Poeltl REBOUND (Off:4 Def:11),,,,,4,1627751,Jakob Poeltl,1610612761.0,Toronto,Raptors,TOR,0,0,,,,,,0,0,,,,,,1
0022400247,700,1,97,4,9:54 PM,1:07,Poeltl Tip Layup Shot (29 PTS),,,114 - 127,13,4,1627751,Jakob Poeltl,1610612761.0,Toronto,Raptors,TOR,0,0,,,,,,0,0,,,,,,1
0022400247,701,1,79,4,9:54 PM,1:03,,,Mathurin 25' 3PT Pullup Jump Shot (28 PTS),117 - 127,10,5,1631097,Bennedict Mathurin,1610612754.0,Indiana,Pacers,IND,0,0,,,,,,0,0,,,,,,1
0022400247,702,2,93,4,9:55 PM,0:41,MISS Mitchell 3' Driving Bank Hook Shot,,Toppin BLOCK (1 BLK),,,4,1630558,Davion Mitchell,1610612761.0,Toronto,Raptors,TOR,0,0,,,,,,5,1630167,Obi Toppin,1610612754.0,Indiana,Pacers,IND,1
0022400247,705,4,0,4,9:55 PM,0:41,RAPTORS Rebound,,,,,2,1610612761,,,,,,0,0,,,,,,0,0,,,,,,1
0022400247,704,18,1,4,9:55 PM,0:41,,Instant Replay4th Period (9:55 PM EST),,117 - 127,10,0,703,Kurt Thomas,,,,,0,0,,,,,,1,0,,,,,,0
0022400247,707,8,0,4,9:57 PM,0:41,,,SUB: Walker FOR Haliburton,,,5,1630169,Tyrese Haliburton,1610612754.0,Indiana,Pacers,IND,5,1641716,Jarace Walker,1610612754.0,Indiana,Pacers,IND,0,0,,,,,,0
0022400247,708,8,0,4,9:57 PM,0:41,,,SUB: Freeman FOR Mathurin,,,5,1631097,Bennedict Mathurin,1610612754.0,Indiana,Pacers,IND,5,1642402,Enrique Freeman,1610612754.0,Indiana,Pacers,IND,0,0,,,,,,0
0022400247,709,8,0,4,9:57 PM,0:41,,,SUB: Newton FOR Siakam,,,5,1627783,Pascal Siakam,1610612754.0,Indiana,Pacers,IND,5,1641803,Tristen Newton,1610612754.0,Indiana,Pacers,IND,0,0,,,,,,0
0022400247,713,1,5,4,9:58 PM,0:39,Barrett 1' Layup (39 PTS) (Agbaji 6 AST),,,117 - 129,12,4,1629628,RJ Barrett,1610612761.0,Toronto,Raptors,TOR,4,1630534,Ochai Agbaji,1610612761.0,Toronto,Raptors,TOR,0,0,,,,,,1
0022400247,714,1,6,4,9:58 PM,0:31,,,Jackson 1' Driving Layup (9 PTS),119 - 129,10,5,1631245,Quenton Jackson,1610612754.0,Indiana,Pacers,IND,0,0,,,,,,0,0,,,,,,1
0022400247,715,6,1,4,9:58 PM,0:18,,,Freeman P.FOUL (P3.PN) (J.Capers),,,5,1642402,Enrique Freeman,1610612754.0,Indiana,Pacers,IND,4,1627751,Jakob Poeltl,1610612761.0,Toronto,Raptors,TOR,1,0,,,,,,1
0022400247,718,3,11,4,9:58 PM,0:18,MISS Poeltl Free Throw 1 of 2,,,,,4,1627751,Jakob Poeltl,1610612761.0,Toronto,Raptors,TOR,0,0,,,,,,0,0,,,,,,1
0022400247,719,4,1,4,9:58 PM,0:18,RAPTORS Rebound,,,,,2,1610612761,,,,,,0,0,,,,,,0,0,,,,,,0
0022400247,720,3,12,4,9:59 PM,0:18,Poeltl Free Throw 2 of 2 (30 PTS),,,119 - 130,11,4,1627751,Jakob Poeltl,1610612761.0,Toronto,Raptors,TOR,0,0,,,,,,0,0,,,,,,1
0022400247,721,2,75,4,9:59 PM,0:11,,,MISS Newton 6' Driving Finger Roll Layup,,,5,1641803,Tristen Newton,1610612754.0,Indiana,Pacers,IND,0,0,,,,,,0,0,,,,,,1
0022400247,722,4,0,4,9:59 PM,0:08,Dick REBOUND (Off:0 Def:4),,,,,4,1641711,Gradey Dick,1610612761.0,Toronto,Raptors,TOR,0,0,,,,,,0,0,,,,,,1
0022400247,723,13,0,4,9:59 PM,0:00,,End of 4th Period (9:59 PM EST),,119 - 130,11,0,0,,,,,,0,0,,,,,,0,0,,,,,,1
